100 2500 4
89 98
73 64
26 86
20 65
13 47
17 92
43 52
24 18
7 31
44 86
30 61
33 91
6 43
45 2
81 70
32 27
22 31
78 52
12 26
69 54
85 73
21 96
20 97
88 46
93 52
88 87
73 25
42 31
74 65
63 31
13 96
63 19
81 38
57 64
99 46
67 50
13 7
15 19
81 51
89 0
6 25
20 60
22 52
68 75
21 43
26 70
94 63
56 38
1 50
62 77
26 2
64 72
97 70
24 80
64 61
30 69
84 8
15 23
1 46
20 94
57 92
57 80
59 5
81 52
88 96
39 11
90 92
53 75
29 22
30 60
79 44
20 5
33 59
18 82
24 99
76 54
35 44
62 84
16 5
66 38
26 77
35 15
65 59
6 16
24 84
89 17
44 27
55 43
1 68
91 75
39 5
74 93
88 92
6 14
81 36
89 16
84 67
20 25
74 3
3 5
89 67
30 44
26 92
10 46
84 58
35 0
35 2
74 54
35 7
60 38
45 28
57 53
12 86
89 80
1 40
21 2
29 57
82 23
55 72
12 78
6 50
45 70
30 28
34 54
95 68
36 58
84 96
33 32
2 52
18 7
0 43
12 91
10 83
12 27
33 98
68 42
85 18
18 28
13 72
74 48
39 27
34 14
98 23
89 46
17 9
13 3
99 92
10 60
67 46
32 19
33 41
89 55
80 77
36 28
47 52
71 61
94 48
55 37
30 9
74 22
8 77
1 22
81 28
18 52
21 7
20 96
45 82
0 31
95 91
55 47
1 65
8 41
99 25
68 92
54 23
76 7
88 38
36 51
88 57
47 5
26 82
97 63
20 83
24 21
22 51
17 83
55 58
69 27
30 59
74 63
34 59
91 27
33 78
25 9
95 53
39 18
64 75
17 63
42 75
79 25
90 96
11 43
3 41
91 80
53 38
81 58
58 92
4 57
45 72
11 9
69 87
20 19
83 77
69 63
83 23
24 50
62 2
69 7
11 2
99 96
21 50
99 2
2 61
22 75
79 70
33 50
55 8
29 94
45 15
13 54
88 78
4 65
81 96
71 46
81 99
62 25
17 22
10 40
88 56
62 6
85 65
95 56
4 68
81 97
55 77
24 9
4 94
33 46
81 43
35 41
1 70
30 43
45 36
91 54
94 38
29 36
97 5
83 75
80 41
83 19
54 48
59 92
29 75
12 17
73 22
30 6
13 56
45 42
89 21
53 31
12 87
22 92
78 50
68 56
28 38
3 70
66 52
73 67
55 49
45 34
59 72
66 77
55 23
15 37
84 46
78 53
26 60
16 23
47 87
13 9
57 38
36 98
95 87
25 41
20 26
4 5
90 21
65 60
4 50
21 54
88 8
33 82
68 50
44 49
20 0
53 77
73 71
88 52
45 22
78 48
55 25
76 15
63 48
21 31
66 80
90 26
45 11
1 14
89 10
10 64
3 52
20 99
80 19
20 49
65 46
21 48
83 9
4 69
2 19
42 72
53 19
35 43
13 10
30 47
17 27
24 34
66 75
94 5
90 5
26 9
78 15
79 75
90 0
17 96
12 93
20 32
90 87
30 58
89 43
55 67
80 72
85 41
90 19
30 82
24 69
6 70
21 71
81 69
53 87
24 48
91 83
62 28
39 8
6 63
12 50
99 58
57 98
20 42
62 68
4 83
89 94
88 26
99 38
88 31
34 47
95 59
91 8
93 53
21 77
29 18
82 61
27 52
59 19
74 96
45 16
69 71
33 9
21 86
24 57
88 6
39 22
28 41
44 3
32 41
45 68
76 31
24 14
79 78
12 92
35 5
30 17
84 25
65 56
39 97
95 5
98 38
32 47
79 77
4 53
82 37
74 42
95 46
45 63
80 23
94 98
97 16
8 70
60 87
94 15
18 3
73 3
65 41
7 41
33 34
7 86
25 86
57 50
90 82
33 96
97 51
81 26
35 53
29 77
57 71
57 54
85 8
0 27
89 53
3 75
97 37
39 56
17 64
13 37
88 43
57 40
4 32
26 25
26 87
93 71
95 49
26 64
12 40
89 84
10 54
59 96
43 61
64 41
30 40
44 87
36 70
91 70
69 9
29 61
4 76
2 87
90 34
17 51
39 3
67 51
18 43
74 9
24 11
53 96
16 19
30 80
90 25
24 15
93 40
1 10
18 83
89 61
57 47
67 48
45 44
1 94
36 50
55 86
99 14
67 77
47 86
85 37
58 46
78 61
74 61
20 28
39 86
55 70
34 82
81 47
13 99
93 37
33 21
2 5
62 60
90 66
94 92
2 50
81 16
62 86
1 57
4 31
68 14
88 49
28 50
65 87
26 49
29 49
62 32
10 51
11 41
81 15
42 77
47 23
74 41
78 96
18 49
73 42
13 31
99 28
76 19
34 9
18 56
85 96
78 75
68 41
65 16
39 48
45 49
89 51
40 48
73 70
28 37
90 9
36 53
30 51
94 2
12 10
7 46
13 64
39 19
85 0
13 17
16 61
55 53
35 97
33 17
0 51
24 59
22 48
88 27
1 56
12 69
43 38
54 49
99 27
27 72
36 86
1 77
16 87
25 23
57 60
13 18
35 23
95 73
55 61
8 61
11 14
32 87
4 14
6 23
76 40
30 97
82 92
6 31
62 46
95 43
30 77
67 23
29 7
39 54
36 19
1 71
6 38
11 40
93 3
66 86
69 75
59 70
90 63
1 16
94 47
85 67
57 28
12 0
64 23
1 75
71 9
45 86
80 48
56 31
25 87
97 61
45 26
69 64
27 96
27 87
4 75
6 46
0 70
4 2
34 19
45 41
10 80
34 56
54 92
30 46
10 5
44 2
3 46
22 37
64 37
69 61
27 92
30 18
36 22
74 27
35 94
21 38
24 7
6 41
91 43
39 64
69 38
65 14
33 51
12 56
30 14
24 64
89 64
33 94
89 54
34 96
74 43
28 72
94 80
33 52
91 67
71 50
99 82
20 70
17 19
24 22
28 86
95 83
39 75
83 50
16 37
45 50
40 46
0 8
6 67
85 72
66 28
25 51
59 86
24 82
80 87
11 72
74 69
56 23
32 25
21 8
30 54
11 46
90 8
98 49
57 37
62 91
78 2
74 23
32 56
60 52
79 15
97 67
90 52
95 36
95 0
55 19
97 83
30 15
90 69
14 49
76 72
99 77
97 3
68 25
42 5
93 28
32 67
4 40
36 9
62 67
81 84
1 43
45 54
66 42
74 78
88 10
15 75
74 72
81 11
63 92
43 5
4 78
12 32
60 37
84 86
17 43
45 32
57 83
89 31
81 61
13 2
57 23
24 78
73 28
55 38
65 2
94 23
42 9
14 52
20 22
8 9
82 50
26 23
91 63
33 43
35 67
90 3
1 6
47 31
26 83
65 43
13 69
43 37
95 96
55 52
97 87
78 87
58 23
66 16
79 51
79 52
39 53
76 48
62 43
90 58
32 92
8 38
95 7
33 3
12 70
20 47
94 22
85 2
74 51
84 42
45 43
6 5
79 11
68 70
54 50
1 47
81 46
62 15
74 25
66 70
39 17
27 50
68 63
88 19
90 31
84 82
43 49
62 18
62 3
13 11
82 75
29 28
44 56
35 34
97 59
45 71
84 60
45 19
26 3
13 28
24 97
29 68
95 22
12 60
68 72
79 37
13 42
45 56
58 75
64 38
91 53
88 7
80 70
24 17
4 80
18 61
85 56
43 41
59 41
89 28
91 52
32 3
81 68
81 42
85 57
65 25
36 8
4 73
17 75
35 25
34 53
97 50
79 58
35 40
43 23
68 64
33 2
88 18
30 42
55 31
26 41
20 51
95 61
33 80
11 75
26 8
55 75
90 94
88 58
13 52
60 46
89 82
68 71
64 86
78 37
24 3
58 19
62 41
81 18
21 92
73 87
39 61
73 46
18 41
95 80
95 32
0 75
4 60
47 38
17 60
13 60
56 5
11 92
95 57
60 19
57 15
32 72
80 50
83 72
85 23
16 41
0 49
34 98
76 59
2 51
95 26
13 76
34 22
4 38
44 19
40 61
47 70
88 98
26 50
42 92
66 96
93 60
99 72
54 72
22 87
91 59
44 15
13 22
25 49
25 48
18 19
0 14
33 14
58 72
2 75
94 8
35 78
74 80
17 52
0 22
17 28
45 94
35 75
26 16
4 9
12 99
68 86
25 61
30 34
45 47
30 32
11 64
11 15
45 57
62 5
36 41
90 43
8 37
60 41
99 3
73 82
33 56
33 84
30 86
90 36
74 71
1 48
99 64
6 49
89 14
83 52
94 77
85 32
84 75
24 98
33 58
90 93
68 96
55 80
12 84
4 19
99 51
16 9
99 37
45 80
58 41
84 47
95 77
85 36
68 40
20 41
64 92
93 5
11 3
89 91
7 77
85 63
10 61
76 86
13 78
69 86
66 46
85 28
90 80
20 55
53 92
30 66
17 67
79 96
26 52
74 68
10 22
13 75
14 92
67 49
32 7
36 15
99 86
89 27
21 40
80 46
73 60
63 96
6 56
81 53
97 25
44 9
80 52
13 80
90 54
2 37
30 92
65 67
20 46
13 38
0 15
29 26
93 75
66 3
21 49
30 57
79 6
16 86
1 66
2 23
24 5
35 99
43 92
24 23
89 22
39 94
39 63
45 64
29 42
95 48
34 3
65 86
32 64
24 66
29 83
17 15
45 18
57 67
15 52
73 48
74 47
68 59
45 9
66 87
15 46
99 53
45 51
90 2
2 70
44 92
66 43
79 61
15 50
29 64
79 53
54 46
93 61
69 56
88 2
68 82
1 21
25 96
4 56
20 31
29 84
65 71
39 43
67 96
12 54
65 5
65 42
76 60
10 38
84 52
45 6
65 77
11 51
4 15
1 28
12 43
88 59
4 25
95 55
30 49
16 31
99 47
1 5
33 6
65 52
98 86
79 57
27 19
40 96
29 65
80 61
30 48
10 15
24 41
85 55
11 5
76 23
20 63
93 16
24 37
24 65
62 69
73 41
12 76
95 9
30 11
0 92
76 83
3 72
36 5
81 65
97 14
13 86
13 71
6 61
34 48
91 25
95 70
65 82
13 84
47 96
0 41
39 37
11 19
73 92
24 8
99 8
13 87
45 40
21 19
45 7
10 58
88 82
1 80
95 78
91 71
81 56
18 75
56 70
27 46
45 99
13 6
81 14
11 86
76 98
79 32
26 96
12 31
4 72
44 42
85 25
84 83
15 77
12 23
66 67
99 52
15 48
57 42
78 63
24 28
14 70
29 53
26 67
17 14
68 37
14 61
35 31
36 96
14 51
89 2
81 71
6 92
55 71
42 87
13 15
6 72
24 25
65 23
33 64
71 41
65 92
64 77
71 52
95 76
33 0
18 63
84 37
69 14
13 67
0 80
76 42
79 9
29 14
88 55
21 75
44 54
84 43
17 25
89 5
73 50
32 60
2 49
93 51
81 66
40 92
43 9
30 63
17 87
88 91
29 3
89 76
88 42
44 63
29 16
10 50
95 60
64 51
79 64
10 37
99 75
11 82
88 67
8 75
67 37
24 40
60 50
56 72
2 38
57 87
7 49
1 99
73 37
39 76
34 52
69 92
33 61
39 82
29 56
20 18
99 48
26 58
24 44
2 31
81 19
4 16
20 38
20 17
66 63
94 72
4 84
94 49
93 31
64 9
17 16
95 58
81 22
0 56
76 27
93 58
89 59
11 25
85 75
95 65
95 11
93 43
13 0
17 82
0 9
76 63
43 77
12 6
94 51
4 97
91 87
33 76
12 53
10 56
25 19
95 2
69 60
83 51
12 94
18 87
65 15
6 37
13 68
24 47
62 14
44 80
13 77
69 25
78 25
84 87
74 84
74 59
94 82
27 86
58 48
12 63
69 80
81 49
10 28
79 38
95 14
35 38
44 25
42 23
7 51
3 31
15 49
21 59
73 14
4 71
71 77
89 99
89 87
79 97
8 48
57 31
68 58
8 46
93 92
62 17
1 69
60 70
81 98
62 55
74 49
29 32
62 59
60 77
62 51
89 57
65 83
47 49
12 16
24 42
85 48
22 41
68 15
16 70
90 99
13 61
99 43
16 48
95 3
12 83
30 72
4 22
79 41
94 64
55 87
68 53
29 37
73 75
45 21
35 32
10 52
63 23
88 17
10 86
85 58
39 65
35 3
15 31
13 8
39 66
60 86
29 69
17 46
65 61
74 87
20 69
1 7
39 21
20 80
89 49
89 37
84 7
62 61
34 80
74 76
10 41
1 17
90 83
34 16
62 44
62 0
13 48
79 42
26 98
89 19
10 67
32 51
91 92
40 49
36 60
67 61
85 14
95 92
6 7
80 37
20 50
6 58
8 52
33 83
97 9
18 16
10 8
20 98
81 9
20 73
81 6
95 21
20 9
79 80
1 34
43 31
56 19
13 63
33 69
76 37
14 87
57 70
89 23
74 44
55 50
66 9
25 75
12 68
12 18
24 68
30 0
94 28
26 75
93 8
93 86
10 43
13 73
71 51
29 27
4 3
69 28
26 31
62 53
22 50
39 84
93 77
33 18
6 98
27 49
65 3
30 5
8 51
78 23
74 11
66 51
44 8
93 14
56 51
93 23
81 59
53 48
32 9
20 34
81 93
3 61
12 52
62 66
34 31
12 5
6 40
29 23
81 37
88 99
55 59
1 76
81 55
78 41
81 67
32 28
91 2
84 5
79 65
44 48
69 46
95 52
45 69
74 0
83 87
33 36
79 54
97 8
88 70
94 37
15 70
18 67
99 80
32 49
73 19
94 7
79 94
47 77
3 48
29 96
24 0
17 53
34 43
69 82
33 26
36 92
79 31
26 43
78 70
29 34
6 75
95 93
35 60
34 60
30 26
40 86
34 41
17 70
53 51
79 18
10 23
66 25
76 58
69 41
85 61
76 61
13 66
34 8
16 92
26 63
17 58
69 43
17 59
0 53
76 82
20 57
98 77
0 19
45 60
22 23
95 40
63 52
93 7
97 15
0 48
32 86
21 23
74 32
98 31
40 38
30 8
99 31
33 47
45 53
88 75
91 61
24 72
14 72
79 34
24 96
12 77
74 53
1 93
0 52
1 86
34 51
35 21
89 68
69 42
30 36
98 72
76 67
20 11
95 31
82 77
91 56
84 28
88 22
89 9
57 3
89 25
17 71
99 56
95 10
99 63
85 21
11 71
81 76
29 25
69 5
76 8
62 31
97 72
0 98
26 40
84 41
39 92
88 93
12 46
56 86
73 83
6 60
4 86
85 3
79 86
93 48
30 16
39 69
27 9
27 38
40 52
35 77
60 72
17 86
0 3
65 31
98 75
97 22
18 40
54 37
79 46
7 38
13 5
11 70
65 58
85 91
74 46
84 71
12 67
24 16
36 54
97 80
6 96
17 31
76 77
80 49
69 77
69 47
93 96
34 67
53 37
81 0
18 54
68 3
88 9
85 99
21 70
67 9
47 9
18 27
24 55
17 48
91 77
89 77
25 5
90 86
56 9
30 53
55 63
4 26
32 48
79 3
99 70
11 63
68 60
33 42
65 98
83 49
62 50
21 28
95 16
34 2
53 23
90 53
43 51
69 15
79 47
4 67
62 7
91 72
10 47
88 37
30 25
43 96
76 28
95 67
79 92
79 8
57 77
78 9
29 2
84 98
3 87
4 21
65 22
30 2
28 87
63 86
24 52
4 63
20 16
4 55
3 96
15 61
85 68
89 63
45 66
90 6
20 75
93 64
35 50
81 41
73 56
6 77
34 50
90 27
11 7
78 42
65 47
68 8
17 56
39 59
12 98
85 43
34 63
6 9
32 23
76 53
39 91
4 7
73 61
6 54
62 56
90 56
62 47
78 51
33 60
13 40
47 51
47 61
22 5
94 19
43 75
68 19
39 70
33 99
30 91
12 75
35 8
29 73
34 37
22 38
90 78
79 19
36 48
65 72
93 70
73 53
91 5
68 47
73 8
34 28
36 83
40 50
47 50
57 63
18 38
82 48
39 25
17 54
21 64
81 63
63 5
90 77
12 38
84 2
79 56
62 48
79 16
76 80
81 2
33 15
45 48
74 5
22 49
98 41
53 41
69 67
33 93
30 94
84 92
35 73
13 25
40 37
3 19
93 25
3 92
26 61
66 8
71 38
65 50
32 61
64 49
98 92
74 56
10 14
7 5
35 66
33 66
60 5
85 98
22 9
85 82
56 92
20 14
91 47
0 77
63 70
66 64
44 82
12 49
99 67
28 31
66 19
24 53
18 14
54 41
93 9
69 19
95 28
17 38
17 40
11 48
62 64
36 40
32 80
39 9
89 71
33 31
24 27
12 28
81 78
78 59
36 56
35 65
21 83
66 58
34 64
94 75
91 9
32 37
68 27
83 41
94 40
79 21
27 61
12 51
90 48
6 28
18 25
33 38
28 5
69 37
79 72
91 50
1 72
30 71
18 46
42 48
6 15
18 98
25 46
20 86
30 27
1 19
21 9
55 40
56 75
13 91
69 72
16 72
58 50
62 72
29 38
24 76
94 61
66 15
73 5
7 75
78 98
53 50
59 61
47 72
4 42
76 2
29 43
66 41
63 50
20 23
12 96
34 71
44 28
79 69
7 92
14 46
67 31
74 28
79 23
89 38
16 49
90 10
88 0
13 94
85 17
20 36
35 11
95 64
91 82
95 72
81 10
85 38
89 75
89 47
45 17
85 87
35 58
1 23
0 38
62 8
6 8
35 98
1 18
42 19
39 44
60 51
66 82
66 92
35 68
33 97
24 36
11 56
10 59
59 46
84 16
66 56
69 8
88 15
42 46
18 48
14 37
83 38
62 36
39 16
0 59
90 59
65 37
47 41
73 77
73 80
53 9
26 71
83 86
65 27
98 5
1 98
40 51
81 32
34 27
84 31
82 31
15 41
39 72
35 55
29 97
84 19
28 23
7 23
13 82
33 67
4 49
13 19
42 86
8 50
36 38
28 75
30 78
84 77
88 36
45 83
57 49
84 70
59 87
79 67
85 7
76 3
0 83
89 58
30 52
12 73
20 78
68 52
21 22
24 75
66 47
95 51
85 69
89 42
76 5
58 49
35 26
13 21
32 50
76 71
0 16
17 37
76 87
66 60
59 37
94 59
54 51
78 46
30 84
34 46
79 43
94 25
74 18
4 23
55 46
91 23
53 5
83 70
33 72
88 84
30 96
6 53
35 54
35 87
4 47
29 48
26 37
25 77
54 9
66 40
29 19
45 93
94 27
62 63
71 86
98 37
89 48
10 25
57 43
0 37
99 54
35 80
6 80
80 51
18 23
20 53
74 37
35 17
35 18
88 66
12 19
66 5
21 98
42 37
35 72
1 32
78 60
18 86
99 71
43 48
10 16
36 7
11 96
89 69
21 58
0 46
54 77
81 40
56 61
12 15
84 23
12 72
13 65
95 19
88 60
79 71
44 71
73 2
90 65
98 96
1 9
97 98
97 77
95 15
90 55
88 32
68 49
79 59
99 41
47 46
45 38
58 86
6 64
67 87
34 83
26 14
43 72
80 5
78 3
81 73
35 71
89 78
36 23
35 22
20 7
74 16
97 92
24 77
34 15
33 44
39 98
14 5
34 70
73 58
90 67
12 21
44 83
34 23
88 72
4 98
44 53
29 76
90 47
13 27
11 98
67 52
94 58
32 22
8 31
82 38
18 92
78 82
57 86
1 15
85 40
4 61
90 98
57 58
21 42
78 47
20 52
0 7
62 65
47 37
68 23
89 34
88 41
33 77
40 87
54 52
93 54
35 61
59 75
95 42
35 49
1 59
21 60
39 87
35 42
12 34
30 73
35 57
12 37
39 31
79 82
6 87
66 59
63 49
44 16
33 16
54 70
57 22
79 22
69 52
36 72
99 9
95 69
95 34
88 23
54 31
30 83
33 22
57 16
74 17
71 72
81 5
18 96
91 64
1 26
85 94
81 77
20 59
95 47
45 14
4 51
35 46
36 3
67 75
90 68
13 92
25 72
64 19
79 60
3 49
90 7
79 0
32 5
35 19
45 78
57 19
21 52
15 5
58 31
57 41
57 7
97 28
93 50
65 53
11 67
88 76
16 50
88 5
11 28
45 46
85 83
62 93
88 21
39 28
55 83
20 58
93 2
62 23
93 80
20 66
55 51
39 0
28 51
84 50
85 59
94 53
71 96
59 50
64 96
71 37
94 3
45 96
12 59
58 87
13 26
45 0
35 9
85 76
7 48
91 7
85 6
24 6
12 58
90 40
78 56
69 50
85 19
98 46
91 19
88 69
74 15
0 5
56 46
97 49
1 0
98 9
1 78
53 72
62 98
65 19
97 43
78 14
93 46
18 50
24 54
88 28
39 71
21 3
36 75
66 53
18 53
99 87
10 49
29 17
44 14
53 86
63 72
84 27
27 75
30 68
39 15
12 61
59 77
67 19
35 48
45 98
8 49
7 96
0 86
84 51
82 5
20 67
85 26
95 6
17 47
93 56
36 37
69 83
36 49
4 44
18 42
89 36
56 77
21 51
13 83
73 52
32 46
4 41
21 41
20 76
13 46
85 86
80 86
68 61
32 42
13 53
68 43
81 27
81 25
69 49
10 75
57 14
90 14
39 55
82 52
81 21
29 92
99 15
17 72
65 9
97 31
6 86
15 92
22 96
81 8
33 11
78 19
21 67
74 55
47 48
90 32
99 16
30 67
39 2
13 14
88 16
79 76
90 64
14 50
29 0
36 16
78 5
45 8
44 52
43 46
32 59
85 93
91 96
94 50
66 54
99 98
13 16
3 9
68 2
11 61
74 26
21 25
79 98
93 47
78 72
78 54
36 46
45 92
65 40
81 91
79 14
91 22
20 93
68 80
17 61
11 38
45 59
73 63
18 64
89 60
36 77
82 51
29 55
35 6
25 70
63 38
12 71
64 48
0 61
79 87
56 41
76 16
7 70
40 72
58 96
64 46
84 40
29 10
98 19
20 15
24 46
36 59
97 53
45 97
78 49
94 71
79 17
88 50
71 92
56 37
17 7
4 70
7 61
0 58
27 5
62 10
79 2
33 5
39 93
55 27
35 91
35 64
40 19
15 38
84 80
27 23
11 80
74 99
44 22
67 41
26 80
13 59
81 87
74 98
16 96
4 91
93 67
85 34
44 31
40 75
74 66
11 22
1 91
36 52
33 86
30 21
35 47
62 76
58 5
14 23
12 25
76 38