20 100 4
6 2
10 5
11 2
5 4
11 0
7 19
6 15
2 4
7 13
2 13
1 8
11 3
8 17
16 5
16 3
10 16
0 3
11 1
1 4
3 17
8 4
10 8
15 5
16 19
9 5
2 19
0 4
18 19
0 8
12 19
7 8
9 17
14 16
12 3
0 5
18 7
10 9
18 15
14 8
1 13
1 5
12 17
14 5
11 4
14 9
14 7
12 1
7 17
6 1
0 19
18 5
11 16
3 13
10 15
14 4
3 4
6 17
14 0
1 17
15 17
16 17
14 19
6 7
11 9
6 4
18 1
12 0
7 3
9 8
10 2
7 4
6 13
9 13
14 3
0 13
12 13
11 8
11 17
10 1
15 4
6 0
5 13
3 19
1 19
18 8
9 3
6 19
18 16
0 17
8 13
5 19
15 13
6 3
12 9
12 2
16 8
14 13
10 7
14 15
11 5