200 10000 4
168 181
88 7
103 140
93 19
183 80
139 147
3 185
82 137
93 151
117 119
155 111
75 112
193 167
185 140
159 1
134 169
94 154
193 71
52 43
3 95
168 127
143 185
80 187
193 47
197 148
115 22
152 36
178 166
96 98
55 90
188 146
57 33
48 148
69 17
191 45
46 161
41 185
88 51
77 149
189 36
9 20
52 33
85 150
25 33
10 106
57 118
94 167
41 135
70 149
182 38
110 137
11 139
39 38
10 167
93 95
158 142
103 187
69 70
18 121
166 28
73 126
185 33
87 63
115 90
162 57
166 170
87 48
53 116
13 149
173 195
10 29
152 23
168 15
3 130
85 63
115 140
168 51
152 91
83 177
11 7
128 177
46 177
68 91
135 44
168 33
116 101
84 169
26 175
46 28
190 131
25 149
100 7
53 126
191 131
196 142
82 35
54 47
100 18
27 91
193 129
3 23
194 18
156 58
73 26
19 7
180 30
77 101
88 85
103 24
114 7
166 141
98 121
135 126
127 45
19 146
143 111
133 90
25 60
64 124
96 110
54 78
164 27
183 76
198 45
144 60
67 45
88 125
120 32
107 48
69 8
183 18
17 2
152 59
66 185
86 188
133 4
12 194
28 33
11 158
135 29
11 37
102 95
163 142
55 23
103 78
144 134
46 197
27 44
117 100
39 113
93 51
3 134
67 146
9 79
11 17
81 186
61 108
86 71
12 186
183 95
158 119
158 91
98 177
97 68
93 45
67 176
66 90
144 34
108 126
18 137
81 112
133 106
64 167
198 33
144 80
97 132
179 128
85 136
180 2
139 156
26 169
181 76
69 43
179 110
81 194
12 57
21 42
136 131
69 136
184 29
84 111
194 91
153 32
104 167
36 4
123 121
123 47
134 101
105 68
183 185
166 101
19 90
74 38
109 29
77 51
77 49
189 4
29 63
100 142
144 95
153 36
5 31
159 75
111 149
10 39
164 172
162 154
103 186
183 145
162 147
52 32
11 162
171 119
66 156
94 198
117 34
61 38
164 5
9 27
54 44
103 35
5 36
117 123
39 4
117 127
185 165
85 195
9 196
70 196
97 60
178 35
155 44
132 95
13 82
89 140
86 53
18 187
133 131
107 158
182 177
115 135
195 4
194 150
164 133
41 124
81 188
80 176
77 116
138 142
98 23
2 146
178 111
77 89
93 28
62 125
133 195
18 174
197 89
53 40
9 128
182 110
184 165
15 112
115 121
102 146
72 44
80 57
138 118
14 108
162 199
71 118
133 48
9 173
64 31
71 148
69 127
54 59
60 169
72 71
77 103
3 112
184 24
61 23
11 99
83 169
166 82
53 30
41 145
55 60
50 146
138 186
81 127
21 136
120 190
94 113
133 151
109 121
72 90
128 58
152 149
61 75
69 194
19 113
94 162
89 137
39 95
193 36
11 31
9 61
179 44
69 102
51 56
116 58
37 174
50 14
198 136
72 26
66 98
39 195
192 190
168 91
164 34
46 103
27 148
133 30
54 45
52 1
192 198
144 197
73 42
166 29
88 190
9 51
61 129
150 169
85 68
85 1
104 170
0 82
88 6
73 122
9 24
74 125
80 123
5 137
180 190
94 34
130 30
21 132
62 38
14 7
18 101
62 78
178 187
84 24
12 76
104 98
159 176
145 175
144 182
172 43
181 75
50 63
183 67
82 49
39 31
183 37
73 15
89 101
164 108
109 141
155 15
46 180
89 56
73 185
194 128
50 65
179 99
107 58
138 78
81 75
81 105
14 33
135 36
87 169
96 99
53 160
132 175
55 95
168 44
25 134
34 36
70 40
40 113
104 134
62 22
163 79
80 122
10 49
192 78
180 141
51 121
115 13
71 95
23 78
70 30
10 85
70 33
133 82
50 6
69 163
144 163
184 95
136 56
50 67
92 116
62 167
130 57
144 118
73 57
29 177
57 90
72 59
123 91
81 49
161 57
66 65
196 99
71 42
155 90
155 199
53 151
9 147
136 58
157 172
80 131
172 119
136 167
143 195
178 14
17 141
93 26
11 130
88 15
144 57
80 195
44 170
130 33
71 63
182 75
190 121
97 36
73 7
168 27
11 40
34 42
141 43
21 103
123 49
36 90
144 15
77 91
120 63
190 58
197 16
40 112
120 1
55 89
94 153
17 151
37 187
67 23
64 33
57 131
157 71
107 141
115 28
85 29
70 158
5 29
145 78
66 75
97 80
139 126
69 75
161 124
57 112
157 19
183 142
199 38
62 174
115 14
143 74
62 121
9 34
55 167
9 16
9 58
120 106
86 7
164 174
17 160
12 8
130 158
10 95
124 95
81 38
25 58
171 122
52 199
1 33
2 65
193 99
67 95
97 24
54 122
127 71
164 122
29 16
107 122
73 62
27 170
192 7
88 23
11 193
117 78
182 124
199 148
13 156
120 152
12 138
61 156
19 128
110 65
134 24
34 63
138 42
72 186
178 124
97 95
157 56
145 167
82 148
185 147
34 175
66 38
28 42
62 190
73 24
117 146
62 75
127 29
76 148
15 56
64 196
155 113
143 82
180 122
153 147
62 82
154 174
182 48
120 113
72 108
98 160
39 22
88 186
178 0
92 99
173 137
81 98
10 134
103 95
191 119
71 126
84 122
93 153
55 198
104 42
183 136
12 159
3 163
68 56
15 20
157 49
46 61
28 20
10 150
83 37
83 52
173 29
67 128
168 108
189 15
46 108
191 30
77 193
66 175
183 20
61 187
108 78
152 196
184 8
61 33
96 102
41 49
158 78
94 110
10 111
87 30
117 188
88 36
69 31
164 72
127 2
153 101
96 30
104 37
48 125
81 113
184 106
12 4
114 160
178 106
93 177
172 151
53 68
181 169
14 30
133 138
36 38
93 105
19 186
117 24
143 30
191 142
179 49
70 48
196 186
5 129
132 118
104 139
107 187
100 59
124 30
27 125
168 13
25 113
157 17
75 140
117 52
96 49
103 29
166 146
179 15
12 167
81 140
109 156
80 6
192 196
171 18
13 47
13 7
150 16
46 181
189 51
183 78
185 8
37 40
139 36
117 49
81 109
135 71
116 167
130 56
13 154
3 187
195 31
39 40
51 170
39 140
178 182
155 30
97 78
153 28
172 99
194 63
133 136
197 30
158 177
155 175
151 121
195 91
159 15
0 78
144 166
194 79
100 169
50 184
163 170
11 150
68 4
93 182
157 100
114 125
72 147
168 54
72 190
26 160
9 110
57 4
171 59
197 187
81 151
88 80
51 187
85 102
104 100
152 108
34 167
93 101
109 123
191 63
145 188
154 146
40 148
192 147
25 75
195 63
117 57
27 146
191 31
71 140
9 124
83 149
172 190
189 48
173 154
12 85
19 151
82 146
172 128
50 60
178 68
11 159
132 121
67 78
93 87
104 121
173 43
17 129
198 95
157 32
84 158
50 132
139 48
162 195
92 31
192 74
103 118
144 53
132 124
107 146
25 181
189 2
164 127
184 16
194 71
115 15
54 158
105 113
64 158
77 38
66 111
23 45
185 196
172 45
86 141
163 149
55 24
40 43
70 114
84 190
116 45
184 116
80 114
46 163
66 112
12 22
104 62
104 147
150 113
189 139
191 54
111 186
41 193
37 89
73 28
81 172
77 181
192 8
104 56
5 142
111 118
110 118
189 181
88 142
120 89
150 32
37 113
144 4
190 113
13 128
179 160
192 56
154 31
103 89
117 16
184 146
53 148
178 61
98 58
188 16
164 162
6 121
134 140
192 173
100 128
93 154
100 126
193 26
183 124
10 71
141 174
68 32
69 113
191 27
98 138
128 137
133 91
152 165
70 106
19 43
9 125
152 75
197 95
155 118
5 76
21 76
67 125
133 74
139 8
164 63
25 146
178 60
73 84
155 16
81 40
98 1
37 121
181 113
93 33
86 161
172 47
127 68
161 59
120 87
11 29
89 121
0 124
107 188
134 49
117 22
182 65
74 140
173 47
134 47
86 22
54 91
41 196
27 99
75 58
162 35
120 99
109 33
86 101
60 170
162 176
18 176
55 169
145 149
83 36
2 90
82 131
6 7
97 137
25 44
25 193
14 158
36 33
94 87
9 15
23 95
62 102
109 110
171 20
171 64
10 163
15 174
75 38
139 188
82 113
144 140
194 29
103 63
85 114
86 169
161 28
117 27
192 167
19 142
184 112
108 33
46 110
192 47
192 141
171 56
55 63
69 179
34 112
124 125
130 63
162 175
93 145
120 56
96 15
72 24
12 5
34 158
124 169
23 165
136 30
97 110
25 145
150 31
178 92
166 35
191 0
184 33
66 102
120 169
183 138
1 24
161 44
115 72
103 4
166 150
69 67
69 116
136 91
21 90
67 169
106 95
133 116
77 28
189 68
76 118
21 98
93 100
130 101
161 23
50 16
197 48
164 30
87 22
6 149
102 7
83 63
25 76
89 47
100 16
128 175
159 123
180 28
197 129
110 125
0 15
181 150
189 54
41 99
19 2
0 4
94 8
172 138
145 131
73 156
181 47
183 152
50 89
5 187
88 136
0 136
185 187
76 31
17 30
136 187
162 49
11 106
128 32
166 99
100 35
5 89
21 199
85 16
183 111
157 18
62 122
70 1
132 65
39 43
3 45
168 35
71 169
185 68
127 57
157 131
1 56
69 180
81 169
120 150
3 1
21 80
158 122
83 39
120 116
100 187
114 79
105 26
164 32
53 175
109 186
97 48
66 195
2 43
74 176
3 89
74 90
182 90
128 30
51 176
48 101
10 20
70 23
55 195
98 199
27 121
183 44
85 119
0 190
54 174
100 195
61 165
88 5
85 49
178 121
50 142
13 1
192 99
51 31
157 124
92 56
193 131
155 33
115 31
106 35
162 114
144 169
82 129
19 63
60 176
86 56
69 27
164 187
21 130
27 106
183 54
81 54
198 78
120 177
84 51
41 141
53 142
86 42
80 99
188 129
55 106
69 26
11 177
12 30
197 142
46 153
155 29
184 58
51 65
168 48
141 112
117 58
54 18
10 153
57 142
178 24
6 58
168 199
57 31
11 100
144 137
193 140
94 161
151 49
17 16
164 92
96 39
168 147
61 118
41 63
117 110
182 24
104 58
81 1
178 23
123 113
25 166
185 188
61 148
120 193
191 190
22 91
15 187
92 57
46 6
19 106
139 122
107 2
181 32
155 89
12 61
70 22
70 175
80 199
197 131
159 99
143 173
97 58
173 147
50 195
85 156
57 174
111 8
22 113
181 7
194 129
62 158
85 188
13 8
97 177
85 128
144 106
182 111
3 166
194 151
153 75
21 133
133 125
104 196
130 45
12 18
50 125
179 68
191 147
85 160
130 154
114 47
132 111
26 45
88 126
98 7
77 58
164 61
46 107
193 134
164 105
183 82
66 165
21 180
5 158
144 71
85 58
115 119
153 82
54 154
191 108
197 1
53 146
55 26
130 82
195 137
11 121
168 122
88 99
29 95
3 161
184 141
135 26
94 28
179 2
104 61
153 137
196 187
195 187
183 53
141 65
136 63
155 67
147 101
111 122
171 91
10 124
104 129
55 113
127 156
162 28
62 18
147 49
61 124
54 134
110 90
69 114
92 169
104 65
73 175
106 91
70 199
144 19
197 99
11 176
89 20
105 43
171 158
152 102
189 114
102 113
70 187
168 89
97 71
172 124
171 113
52 68
97 130
159 78
96 152
28 99
144 63
181 108
67 158
155 122
73 190
161 29
88 174
152 112
171 13
184 28
73 1
161 190
2 118
44 176
178 137
166 116
36 119
117 84
120 179
150 47
61 58
166 74
73 193
155 195
26 148
54 63
52 47
27 40
14 6
132 45
88 197
64 122
96 177
120 7
12 180
26 65
189 56
3 180
145 35
195 165
50 54
93 169
114 149
190 148
182 102
134 186
132 18
181 57
189 165
110 42
108 119
76 95
54 150
191 62
192 156
92 176
19 110
94 165
116 65
12 119
46 102
102 174
164 118
93 111
109 32
60 16
25 42
151 95
85 43
120 30
172 26
88 187
157 147
179 28
166 65
3 140
109 90
11 123
5 110
143 68
9 160
141 95
172 58
11 92
102 119
130 121
178 167
97 16
127 43
117 103
139 16
114 95
67 122
104 2
41 26
2 148
193 43
3 131
46 150
98 20
72 148
34 102
34 16
147 112
196 170
29 35
107 38
70 49
195 7
104 197
37 49
10 175
39 7
60 125
180 23
14 4
139 176
116 99
152 195
198 146
191 76
83 17
96 13
61 169
173 111
120 119
93 149
67 188
138 30
96 7
93 34
69 165
102 30
94 166
150 4
3 62
6 187
70 108
62 126
62 149
12 17
46 5
77 137
84 177
180 195
93 80
52 137
94 71
64 111
86 79
100 129
64 150
143 167
107 176
183 129
162 7
197 106
97 125
96 70
9 114
120 92
27 42
107 169
166 36
133 154
145 196
17 65
100 177
85 7
74 175
130 128
88 61
26 101
180 65
25 119
133 45
143 156
9 182
120 70
157 0
117 170
94 158
85 15
128 126
109 2
164 186
171 87
70 141
183 121
115 197
64 151
139 35
192 136
86 107
9 37
191 61
197 126
115 146
62 76
183 160
62 141
39 128
166 169
75 121
50 153
114 129
88 118
171 153
5 149
188 186
107 136
184 48
109 91
34 24
163 106
9 109
13 131
81 193
74 121
109 199
156 126
138 175
68 165
80 38
192 177
159 190
22 167
161 71
76 175
104 185
17 196
27 35
12 128
66 49
120 74
85 122
87 174
117 199
110 101
83 31
189 149
23 35
132 114
128 33
12 114
154 38
40 38
117 198
155 43
104 47
72 1
88 47
46 162
120 39
64 51
83 127
147 47
145 137
155 154
44 65
61 141
100 141
114 122
189 187
189 140
134 33
117 90
83 129
183 28
117 121
51 122
72 63
34 35
184 148
191 146
51 33
37 44
172 49
115 63
61 199
85 116
84 119
191 91
23 146
135 79
128 142
192 82
171 187
98 4
44 43
76 38
22 175
34 57
86 102
168 132
13 112
82 78
144 198
83 184
185 49
62 33
73 146
77 16
120 75
180 175
178 102
60 101
183 130
69 122
44 8
94 131
66 1
93 165
94 195
104 78
191 151
73 194
144 124
46 176
94 133
197 118
135 158
9 161
92 24
0 123
109 165
97 82
0 28
25 175
103 102
12 102
139 124
9 90
117 47
183 165
103 126
188 142
70 148
178 39
83 62
145 199
10 38
195 112
103 150
67 175
190 35
147 35
189 128
111 42
10 118
62 156
133 58
106 122
98 40
124 176
153 148
158 63
2 129
83 89
92 149
120 72
46 38
18 59
94 190
80 7
139 6
25 173
196 91
155 130
157 45
189 19
10 70
96 141
162 119
189 47
97 165
189 184
9 132
21 60
162 75
39 33
12 146
139 38
183 4
48 187
147 90
66 106
168 17
153 65
182 188
185 59
171 182
128 101
189 85
178 165
110 49
109 20
80 138
171 176
83 14
40 65
83 140
75 137
94 123
105 108
198 141
40 146
12 105
144 52
54 82
168 193
46 15
18 99
143 42
157 109
88 137
93 123
153 51
87 110
17 140
163 154
39 123
67 31
163 137
28 122
184 7
102 118
193 154
77 98
94 185
94 48
11 47
135 148
61 114
14 16
6 32
22 112
184 128
182 30
139 160
104 43
92 38
155 146
117 161
28 148
105 121
127 32
127 58
133 169
178 6
0 170
98 142
14 129
12 16
151 118
154 170
50 57
128 119
107 32
196 140
179 58
197 42
103 110
10 139
3 190
39 199
135 199
6 30
168 65
9 148
104 199
81 149
86 59
184 142
192 105
57 177
144 181
66 196
147 176
18 122
88 106
164 146
21 119
25 158
75 169
92 187
83 27
55 128
193 136
53 113
180 110
173 20
87 154
180 68
198 169
191 40
145 147
150 56
164 67
173 35
189 146
107 29
153 141
55 175
11 70
9 5
117 38
195 121
191 28
9 195
94 147
14 123
197 170
50 91
70 137
193 89
11 80
11 137
97 195
153 146
197 28
73 100
50 163
109 101
39 23
18 95
183 30
184 20
54 24
73 99
5 43
161 1
166 42
115 30
141 165
76 30
157 166
46 16
73 4
94 122
21 176
139 175
162 196
66 54
196 175
87 51
143 146
17 26
164 194
41 151
62 6
25 167
178 175
53 195
83 18
21 31
130 71
179 196
96 2
86 8
130 108
39 20
94 30
44 160
155 78
72 38
77 79
132 112
178 16
166 57
37 43
52 160
114 4
54 8
9 119
152 131
34 121
127 110
132 123
144 43
133 20
82 174
50 5
127 129
3 162
93 98
29 59
52 71
173 101
173 112
2 177
105 32
0 63
44 175
9 193
192 114
197 151
77 68
147 78
106 149
87 108
155 182
132 199
17 32
11 18
123 33
192 2
171 99
44 78
69 147
150 43
41 71
159 47
10 197
87 113
115 2
197 122
25 99
53 150
97 176
89 99
127 20
9 152
72 199
166 33
178 67
194 114
5 75
23 169
147 99
163 131
120 172
108 113
18 79
83 180
14 90
156 24
88 102
193 101
127 38
96 118
168 165
116 187
179 102
138 16
123 122
197 123
87 176
194 68
52 44
92 26
110 122
158 30
183 35
9 29
46 172
89 43
116 7
172 20
162 140
73 152
70 147
136 35
27 2
52 101
103 137
124 32
21 116
21 186
198 126
159 126
9 33
181 196
97 113
97 184
109 169
76 126
193 28
135 195
52 122
181 28
88 33
103 68
41 79
97 118
120 198
192 100
22 4
60 56
11 33
70 124
143 60
194 110
190 24
68 49
6 99
70 123
76 43
6 8
0 174
152 90
183 198
199 59
27 95
23 65
179 63
106 126
77 105
179 123
157 35
111 137
154 63
9 146
50 112
139 113
189 123
193 24
155 106
155 105
161 4
114 31
73 147
6 38
86 6
50 40
15 149
179 114
117 35
163 71
84 114
189 23
19 140
117 98
179 108
195 113
184 1
44 79
183 167
135 8
157 140
117 23
132 106
143 31
64 102
19 44
50 135
157 167
86 40
157 80
64 18
191 163
156 47
199 33
41 131
67 40
172 140
41 109
84 75
133 199
12 58
66 47
70 26
136 174
180 165
96 58
41 138
3 175
145 8
161 134
168 119
67 196
163 148
105 102
12 149
123 165
183 176
88 43
98 170
120 53
92 126
3 108
10 198
54 167
19 51
183 33
72 149
3 195
6 24
143 131
143 6
109 174
85 111
25 15
189 84
73 127
53 101
50 78
71 65
194 177
68 113
86 14
52 30
162 125
53 149
123 118
117 116
180 79
157 127
164 54
128 8
193 190
194 116
105 38
139 59
192 32
116 38
134 35
46 39
6 118
34 131
135 177
13 51
151 4
183 43
143 119
188 126
132 116
87 150
93 62
75 49
134 126
48 90
155 125
14 8
77 7
110 91
163 33
179 113
46 160
75 148
13 31
194 122
107 45
18 63
13 167
156 137
97 122
155 49
159 188
44 45
158 131
107 99
171 105
153 167
3 22
25 95
81 182
179 23
27 58
159 42
46 126
145 141
19 131
92 156
133 63
5 146
182 23
194 45
92 90
96 185
5 4
109 30
105 140
162 174
76 65
152 123
120 102
153 43
157 84
0 36
88 108
98 33
185 58
53 196
94 0
123 45
81 122
94 138
192 29
41 181
107 35
136 78
117 122
115 199
21 190
138 169
94 199
84 49
81 110
164 134
178 118
192 95
111 45
41 42
130 1
120 175
64 119
143 165
188 38
46 173
2 125
106 131
178 185
73 87
23 131
189 136
0 147
93 49
39 79
70 36
50 45
155 82
72 112
152 148
185 174
100 8
89 78
12 107
48 121
173 199
145 48
11 84
29 58
50 194
75 174
198 79
171 196
77 118
150 142
94 60
105 58
180 16
195 149
198 15
3 174
46 119
96 82
183 61
104 5
155 148
3 82
60 110
144 54
61 140
92 40
80 44
61 149
189 110
143 38
66 154
10 59
197 147
61 112
48 65
124 149
127 186
133 43
68 47
114 99
155 102
55 141
181 154
185 26
23 118
83 16
75 165
105 186
9 156
48 31
39 18
196 129
13 126
153 8
41 51
192 129
98 116
147 140
12 48
144 2
77 142
183 17
94 24
9 76
54 89
173 15
153 129
104 172
136 79
86 146
5 15
178 179
105 35
163 8
172 160
143 36
27 47
0 7
41 47
128 167
185 44
60 35
83 80
159 118
157 16
71 24
98 47
192 70
192 166
124 175
157 37
52 40
163 108
80 47
172 177
168 154
138 170
155 196
60 131
197 44
157 129
94 91
18 113
96 108
135 176
41 19
88 56
120 146
157 91
41 132
173 2
159 113
66 72
15 79
88 156
92 118
172 169
73 5
75 78
84 196
152 188
23 186
98 26
98 176
70 118
171 126
105 151
88 166
185 136
102 65
10 65
88 129
198 75
11 184
10 116
130 40
40 95
41 107
124 146
156 149
173 110
189 138
162 47
163 75
150 99
124 35
84 90
143 198
26 119
155 39
25 152
36 148
64 22
80 95
97 52
189 52
155 159
171 148
15 175
127 195
61 154
77 140
181 167
21 28
103 82
189 116
127 15
172 134
100 199
128 99
72 129
132 32
155 181
196 42
120 121
159 24
161 131
106 90
81 163
48 176
17 116
83 22
67 138
86 28
87 58
182 40
100 2
89 24
39 45
1 121
11 180
0 151
27 176
198 128
69 48
189 70
86 38
158 24
127 169
14 35
93 15
25 129
161 126
5 82
40 125
143 13
120 62
111 59
94 74
164 159
9 166
152 40
154 65
135 91
12 29
25 176
115 180
68 142
104 19
72 18
11 105
19 6
102 31
87 175
195 78
66 0
157 113
93 199
46 53
73 72
194 38
40 58
89 33
145 4
155 184
36 47
138 112
98 156
80 1
128 125
171 193
105 125
19 68
67 29
81 24
127 91
184 149
3 139
27 128
94 40
159 65
171 8
62 44
27 65
103 30
55 110
21 95
151 91
85 38
52 35
173 48
9 197
88 128
141 176
51 79
103 156
104 194
181 122
192 43
198 36
153 38
21 145
106 175
109 42
143 49
14 32
171 106
117 95
92 165
53 78
191 159
67 101
178 150
120 149
183 74
12 131
105 199
107 15
199 129
114 45
183 150
66 116
94 36
128 149
172 57
143 7
173 102
84 102
44 149
66 20
14 116
181 18
66 13
98 75
62 4
52 7
25 82
89 7
28 177
141 91
10 51
96 163
195 45
34 142
57 137
143 27
1 8
80 112
145 124
164 16
108 32
152 176
152 48
25 27
9 32
191 135
46 127
98 89
114 33
86 30
159 116
159 196
25 61
188 160
53 2
87 56
134 112
173 169
28 30
157 132
89 169
93 99
144 16
87 188
61 111
0 79
67 148
22 140
67 121
102 131
28 7
37 129
77 4
100 23
154 121
14 79
159 110
5 136
115 5
128 160
108 118
100 102
156 90
182 138
193 186
191 132
168 28
86 51
68 174
157 182
39 57
147 63
179 134
143 186
50 128
157 161
184 82
88 42
152 57
132 134
189 49
115 195
168 103
120 195
36 140
67 22
75 146
61 24
192 76
105 165
117 5
11 182
87 8
192 64
183 140
70 51
46 64
155 99
127 36
2 137
96 28
70 4
156 42
155 14
61 30
155 8
141 160
37 76
154 33
10 196
26 122
164 190
191 166
178 64
69 103
60 42
139 57
185 122
145 63
85 44
11 166
127 126
40 33
46 133
50 39
94 42
109 160
19 40
36 30
83 101
111 175
132 149
74 170
1 131
18 35
145 89
37 141
5 35
96 123
25 80
46 135
94 32
94 193
55 32
173 8
1 59
152 38
192 128
157 125
66 7
192 135
46 34
9 105
64 188
195 125
108 63
102 47
60 137
159 146
102 45
40 170
29 45
70 167
50 103
105 82
184 186
26 91
93 150
12 160
102 148
164 74
132 147
81 166
52 140
48 126
184 56
10 186
110 169
62 91
189 142
88 1
168 53
184 78
96 194
50 109
198 187
53 36
2 32
76 121
162 108
162 74
190 174
183 13
3 24
37 47
183 161
168 174
152 24
3 118
193 32
81 35
64 76
28 149
134 42
191 158
178 138
55 56
46 42
11 58
88 177
50 131
103 188
147 126
70 16
144 44
127 170
66 45
141 32
84 108
85 51
54 177
157 105
73 179
62 24
183 135
109 190
117 53
156 79
19 26
100 33
23 58
73 76
3 5
54 111
109 95
102 169
62 142
102 122
144 72
39 76
164 33
22 137
185 151
145 154
168 158
161 176
100 151
25 106
141 118
96 56
133 190
3 15
168 7
75 170
155 169
55 132
143 72
108 95
157 24
25 165
18 7
34 118
10 58
188 187
161 36
106 33
64 128
44 35
193 78
52 15
66 174
171 170
55 76
161 125
157 34
98 15
117 109
75 177
67 63
97 65
115 130
183 85
55 20
159 121
76 32
94 85
21 99
84 150
74 118
88 134
77 100
83 153
189 18
191 29
64 89
153 31
192 124
106 4
26 165
102 4
15 58
53 188
191 156
127 154
85 190
181 31
111 31
53 111
158 175
107 75
50 152
28 101
166 106
130 199
155 153
81 152
17 150
5 24
109 118
89 79
111 56
64 170
100 4
46 188
117 13
158 112
189 39
197 47
84 16
86 165
51 38
168 62
164 148
117 175
130 125
80 119
17 124
106 63
110 165
25 32
29 38
124 79
120 48
39 1
53 140
51 112
157 103
41 64
196 169
144 107
19 24
92 119
17 190
182 150
27 111
18 118
135 95
150 33
3 154
64 138
73 64
18 58
182 146
19 154
46 35
158 169
135 23
123 20
133 16
87 82
66 48
168 76
181 35
55 85
54 151
199 31
147 129
97 175
145 57
130 74
132 195
41 59
92 129
87 158
34 48
5 65
171 141
120 160
151 59
166 63
104 99
15 43
191 38
46 65
133 31
135 165
52 195
154 49
86 0
9 133
86 194
10 130
97 133
94 132
189 76
147 149
94 140
166 59
83 145
19 126
104 14
185 18
89 58
100 65
94 197
161 31
157 130
132 20
22 142
84 33
28 140
168 184
182 125
184 150
157 79
66 26
138 174
93 14
158 42
139 4
173 1
10 67
108 112
124 20
5 49
62 196
158 186
9 134
3 16
150 101
82 140
89 126
181 78
135 18
143 127
166 15
27 28
135 174
37 112
17 56
55 57
135 2
133 112
178 59
194 108
141 33
13 199
171 40
92 196
9 7
80 22
10 161
50 154
9 122
5 118
41 119
183 174
103 154
134 119
181 63
166 58
64 114
50 4
72 89
5 177
105 40
102 140
161 95
51 118
6 125
144 131
48 45
55 99
136 42
37 24
44 16
185 28
66 33
48 99
27 134
34 128
96 176
21 166
61 126
147 174
157 195
86 182
17 175
198 68
197 90
48 38
21 135
64 15
37 167
189 153
184 199
103 58
77 75
97 169
96 172
66 170
86 121
161 106
0 199
105 48
136 95
114 187
166 131
50 0
158 45
193 108
64 129
100 51
69 62
46 31
12 172
155 162
179 8
81 16
130 186
77 74
72 99
132 110
83 131
80 102
80 101
6 186
109 43
89 30
109 49
23 122
161 111
14 118
96 5
98 146
155 20
198 116
55 68
136 31
105 126
171 51
109 44
11 14
86 147
2 38
194 167
130 175
156 59
81 33
69 132
48 7
21 142
135 188
81 107
163 129
107 68
57 165
29 186
94 64
191 145
158 56
34 160
127 111
189 113
144 74
127 74
191 162
157 141
191 87
136 165
128 7
139 141
46 170
19 1
83 13
57 35
50 148
50 33
199 35
97 140
34 45
191 138
117 87
178 107
199 167
75 142
120 8
96 181
94 173
27 142
60 75
128 118
135 30
191 52
154 24
171 31
152 58
182 114
171 150
155 32
84 74
172 23
27 63
197 68
178 4
164 14
6 90
184 124
191 72
37 175
159 40
52 4
41 165
143 92
0 167
127 44
164 47
74 129
145 33
55 101
133 156
96 78
62 113
96 128
168 36
162 44
192 149
173 23
117 133
66 169
181 124
60 151
104 29
40 63
62 170
184 15
107 108
144 136
164 57
60 119
159 95
193 7
69 84
13 2
21 161
25 30
80 137
147 56
189 38
14 91
144 154
84 195
130 23
157 67
178 153
15 32
68 177
96 24
21 7
41 129
18 146
144 177
48 129
134 32
159 154
82 149
144 29
37 48
181 22
197 199
157 78
138 146
97 193
17 122
103 44
22 59
168 68
73 111
182 128
83 61
127 78
11 129
12 153
12 42
150 78
96 165
164 35
14 82
61 45
61 174
94 130
83 154
12 133
179 65
189 61
27 114
80 63
41 154
107 196
46 18
94 15
115 33
22 148
66 152
138 165
28 112
77 174
130 65
50 130
110 174
72 68
115 74
199 126
128 45
29 101
123 101
80 31
10 76
57 8
84 29
46 78
106 176
120 130
157 13
93 78
80 165
189 34
182 118
190 101
69 170
192 63
171 185
161 195
19 102
110 167
64 177
46 156
19 99
41 100
67 43
157 2
181 131
153 4
138 140
163 113
85 42
97 62
102 49
190 119
162 56
194 30
171 89
9 190
75 45
120 138
97 54
55 44
171 15
21 8
178 142
41 122
27 43
171 42
189 82
25 195
97 158
171 24
144 141
178 7
10 64
143 22
3 92
107 156
34 119
136 99
157 47
108 45
48 186
77 84
55 166
183 39
41 90
157 197
157 22
66 129
138 160
107 43
133 101
92 32
39 30
19 123
73 17
162 188
133 32
92 7
82 65
120 125
191 121
179 188
184 43
87 40
23 176
50 26
2 160
110 170
68 140
98 91
184 76
98 196
86 193
93 109
164 58
106 118
143 172
39 63
103 47
93 179
190 149
163 122
185 160
197 6
195 186
50 101
69 169
21 61
189 78
37 18
68 129
41 28
138 95
171 54
73 20
0 30
6 167
166 16
53 138
168 90
40 121
120 108
100 44
144 78
12 6
195 177
181 82
108 35
3 13
161 118
57 186
156 101
123 65
10 103
153 195
130 140
73 149
192 150
94 141
86 98
13 33
153 102
10 90
69 13
128 169
94 17
115 65
55 161
104 87
189 107
61 99
184 190
70 128
143 56
139 167
183 113
164 182
25 63
85 71
191 13
191 14
143 193
192 13
133 24
192 34
180 176
88 123
83 29
96 190
46 67
34 32
81 156
191 22
68 7
55 59
127 90
39 176
12 173
26 16
70 32
67 79
173 188
66 109
107 78
106 59
41 150
197 82
161 122
11 145
11 59
60 89
37 1
34 138
55 197
180 156
87 142
74 33
73 195
97 149
157 110
135 116
189 6
66 158
70 169
127 123
3 188
128 24
10 172
173 16
50 42
155 147
86 162
161 154
194 154
108 42
77 132
136 7
19 129
85 175
120 42
198 28
11 118
143 126
193 110
66 17
97 84
55 158
41 112
153 118
132 63
46 47
36 160
86 35
109 124
84 121
163 56
105 91
70 65
72 113
141 126
22 63
183 52
155 63
164 39
40 59
36 149
171 23
144 132
86 37
150 35
72 170
55 145
116 56
5 160
25 135
94 61
196 78
164 95
11 186
54 112
181 121
105 6
172 112
163 78
183 89
155 167
180 151
51 45
41 56
14 149
198 110
152 31
103 123
120 163
166 124
70 74
98 108
164 139
115 112
198 121
103 177
64 56
60 95
87 65
191 60
54 126
77 177
159 149
97 15
71 142
55 16
141 113
104 16
81 68
147 59
55 75
115 124
109 82
117 124
104 68
94 105
87 187
13 71
6 78
162 170
136 49
21 39
14 38
94 176
150 91
180 58
132 43
192 153
19 36
132 24
86 4
3 72
133 174
86 80
55 87
162 129
132 6
178 103
27 122
80 89
10 141
156 56
198 186
3 126
55 51
55 67
182 131
183 118
143 153
161 32
94 118
100 108
117 126
44 31
21 193
139 45
34 8
111 131
96 130
86 90
93 61
27 141
164 91
46 154
37 42
48 118
36 169
183 187
166 1
104 180
19 141
3 90
96 52
50 188
143 79
69 125
62 23
89 119
77 54
88 18
164 135
83 30
199 58
159 6
98 190
67 7
62 188
69 63
143 20
173 106
183 8
77 198
189 31
173 190
157 119
50 177
80 24
153 26
157 72
84 167
104 160
143 118
107 113
77 172
81 70
171 35
74 20
21 58
68 169
74 32
107 125
94 53
10 140
120 188
83 134
135 113
163 26
5 48
74 63
184 4
184 195
143 70
0 48
73 18
36 167
163 40
166 95
75 7
103 51
157 160
179 91
81 52
189 156
57 7
123 90
85 32
64 58
96 53
180 160
46 141
172 118
153 114
191 182
57 43
189 172
105 138
77 18
117 114
80 186
87 90
144 188
81 45
39 150
19 78
87 16
69 0
135 141
120 40
88 68
184 71
168 70
159 134
139 51
55 53
69 167
153 89
66 78
198 165
50 174
161 137
193 137
93 35
0 42
85 113
73 61
66 188
115 17
163 158
172 142
192 186
88 140
143 176
178 147
61 32
13 134
3 37
50 22
76 78
83 125
61 101
192 174
86 123
83 112
164 185
132 76
164 177
103 169
86 103
179 131
192 90
115 186
0 113
37 150
13 24
162 116
164 65
83 162
189 22
41 194
111 101
69 131
139 199
85 26
10 6
185 79
62 101
152 2
152 30
41 43
127 7
25 40
159 18
189 188
194 49
166 158
88 193
86 163
41 179
120 23
144 114
10 126
70 131
67 119
159 30
168 29
153 16
17 89
193 112
97 7
102 175
157 199
75 47
103 125
3 149
97 30
104 163
178 105
115 103
11 125
171 138
143 64
106 31
106 174
55 43
182 26
180 196
184 49
61 15
182 196
83 109
84 63
198 118
93 52
25 148
10 32
52 124
77 148
173 126
64 49
150 90
9 101
0 169
70 31
109 150
88 114
54 68
88 160
117 108
2 63
0 195
55 4
133 122
14 47
94 149
55 45
197 76
127 137
178 148
77 127
151 33
36 146
3 84
52 36
88 167
37 99
185 116
75 20
168 152
194 188
25 121
17 165
97 75
120 142
3 48
100 170
34 15
51 129
52 63
133 22
54 160
97 106
105 119
145 169
130 49
190 31
107 4
50 159
188 137
193 118
134 170
197 2
155 187
173 118
114 59
73 132
183 40
60 43
89 129
3 99
3 68
104 74
12 121
185 95
108 56
72 131
27 15
13 78
189 176
89 148
198 160
115 35
9 28
191 74
12 68
161 6
34 18
5 141
13 63
14 59
150 58
172 33
130 48
26 79
9 103
96 154
46 24
21 29
114 113
115 149
66 147
193 125
77 187
66 28
46 1
52 112
108 7
12 32
155 7
94 68
104 7
27 147
168 61
143 19
11 95
189 91
19 188
1 58
87 38
89 131
104 6
77 57
153 160
117 172
94 14
68 101
194 170
179 43
25 29
21 170
88 76
76 170
102 91
171 58
83 76
97 173
50 23
87 195
93 91
189 44
10 34
120 38
83 72
180 48
3 135
195 160
73 113
19 48
134 149
191 125
97 119
10 75
96 76
55 190
37 90
143 34
171 139
0 76
9 135
120 147
66 30
21 36
152 137
162 29
83 85
115 153
76 79
0 68
166 126
128 91
192 126
77 76
199 49
70 59
11 181
111 32
9 91
10 188
144 17
86 158
67 49
133 165
85 149
157 14
9 72
197 175
179 125
10 121
75 65
52 28
73 131
178 156
74 119
178 110
92 190
84 160
143 1
62 116
55 131
133 47
87 101
132 156
164 166
156 99
116 20
72 30
152 122
11 138
151 176
2 165
105 174
80 82
111 112
183 15
120 134
132 148
81 36
88 199
97 167
92 113
190 79
139 95
98 82
41 113
134 31
163 187
84 65
173 138
135 160
96 37
182 101
40 16
54 48
22 119
48 56
141 49
188 148
55 100
130 136
164 70
120 31
189 92
183 91
52 118
5 190
171 161
96 105
83 165
83 107
184 176
17 58
180 24
77 48
14 99
144 26
102 101
178 63
87 123
139 79
2 113
181 91
53 169
69 14
10 109
10 54
102 160
144 100
52 113
73 60
197 150
164 141
69 1
188 30
80 56
109 74
21 65
100 150
98 188
159 56
194 4
55 64
115 34
194 33
145 30
0 154
147 42
21 108
68 119
96 20
11 170
156 16
64 187
0 137
120 126
109 59
94 56
110 126
173 45
67 156
120 78
26 33
180 102
168 24
73 2
83 24
147 146
190 122
3 124
178 109
192 113
173 150
181 51
168 173
12 98
53 176
191 195
110 7
144 148
156 167
84 124
97 148
50 180
14 186
189 159
97 162
88 70
54 196
52 82
117 111
127 114
192 176
159 165
96 36
52 141
54 195
144 7
12 165
109 116
86 100
158 59
157 62
3 49
168 161
71 137
12 110
14 1
110 20
154 58
139 24
17 114
133 186
155 190
86 139
25 85
55 156
37 156
94 89
88 175
145 119
9 67
179 142
36 79
66 74
143 199
117 197
68 20
5 7
163 165
198 151
147 177
62 111
39 156
87 146
158 38
178 176
194 90
82 24
26 49
73 89
60 196
69 101
136 149
21 123
11 35
75 35
27 137
64 175
164 48
68 170
166 199
11 188
179 38
161 108
46 82
97 146
182 187
192 112
100 167
127 4
153 165
193 30
11 5
64 174
69 110
156 20
143 132
183 166
80 51
27 165
37 111
80 126
23 31
163 136
123 63
158 148
57 59
22 186
171 180
120 112
189 53
103 59
97 51
83 198
9 35
115 79
185 148
64 1
172 150
124 137
163 82
13 35
6 169
66 42
86 137
192 194
120 154
135 136
182 33
151 35
61 2
171 169
162 142
46 182
34 134
50 70
74 58
19 169
53 134
14 45
161 48
188 43
70 44
199 160
105 190
185 40
12 90
12 134
102 16
62 114
172 141
80 65
96 195
82 4
72 119
106 137
103 158
134 125
192 60
120 51
75 125
34 151
17 186
183 163
104 101
192 39
46 166
25 139
41 34
48 95
93 161
178 19
147 122
179 24
139 32
37 58
155 65
69 99
189 72
55 199
164 114
80 23
184 38
2 31
74 56
104 107
120 139
83 147
132 177
89 16
3 17
152 18
86 181
155 38
130 134
96 75
166 156
158 95
14 42
52 49
193 141
22 7
10 107
133 150
41 91
153 71
124 122
77 165
136 140
124 33
36 91
66 82
84 18
162 15
73 181
84 146
152 156
50 140
85 78
71 78
178 58
23 42
54 51
27 90
157 174
61 6
94 114
12 142
184 63
106 160
98 147
168 182
164 22
183 107
197 137
100 147
110 31
192 14
46 137
9 30
80 196
162 63
100 89
162 30
191 128
10 100
21 62
104 4
171 68
41 101
62 110
10 105
178 99
96 17
178 62
22 20
92 51
157 99
104 60
130 119
73 159
180 114
73 58
5 16
29 32
132 154
72 174
46 134
172 176
144 160
134 79
93 118
61 29
181 95
55 70
192 145
25 38
60 74
54 138
52 89
135 108
183 194
180 118
192 37
10 17
81 130
60 186
12 60
27 110
96 170
17 31
105 134
80 76
17 68
54 1
10 22
1 146
25 18
161 43
162 59
83 45
77 27
75 63
12 132
55 150
83 34
85 165
155 79
98 148
102 33
172 6
163 151
66 43
111 176
50 53
81 167
87 43
172 195
164 100
188 78
127 199
144 98
88 64
76 176
183 169
77 123
84 136
67 131
81 30
74 169
72 116
164 24
164 45
15 118
120 158
92 6
98 125
69 68
37 57
181 141
133 59
182 129
44 174
181 147
80 146
50 186
184 123
145 32
93 187
183 26
93 72
9 154
154 42
84 128
178 49
134 122
163 20
193 1
70 111
183 186
98 42
184 137
71 20
179 47
132 176
85 131
23 30
87 59
192 111
9 99
81 5
194 106
168 59
164 160
171 44
25 62
188 174
192 31
166 26
181 74
155 119
85 108
117 19
128 43
11 101
115 187
77 180
13 195
96 139
17 147
162 42
144 195
193 126
111 177
127 121
154 56
180 136
10 5
34 186
87 165
127 6
66 162
34 156
41 13
69 105
98 131
103 74
0 95
55 186
183 193
120 19
107 119
109 23
153 35
179 95
182 147
54 31
27 76
185 129
2 142
110 146
66 95
133 134
168 32
51 142
162 90
178 193
92 16
0 125
192 48
69 188
72 35
89 95
12 177
11 1
173 119
93 184
161 16
104 154
124 90
69 80
98 140
100 76
115 184
41 199
194 2
110 30
127 165
161 18
132 108
135 114
27 131
96 89
3 182
155 173
3 159
162 165
104 8
81 90
3 114
52 170
23 137
162 118
155 40
13 49
52 116
192 92
39 26
189 13
34 90
83 47
52 156
75 118
152 29
159 129
158 79
54 20
185 150
171 60
80 116
82 112
37 8
52 129
39 99
136 160
3 42
171 100
84 40
62 89
117 182
51 174
193 38
50 121
115 54
62 15
117 4
85 177
182 195
60 71
71 4
10 27
198 71
115 129
87 1
159 44
168 142
157 4
15 176
44 165
70 63
96 103
153 124
182 58
164 132
198 177
80 30
152 71
50 37
25 71
123 112
2 35
97 159
88 161
173 134
72 40
138 35
15 91
127 1
189 29
193 51
66 52
94 38
94 187
156 131
116 142
161 15
57 160
193 22
150 65
55 103
116 8
135 154
178 140
179 33
61 28
115 156
13 15
13 6
159 7
141 99
143 166
155 197
151 63
60 148
70 146
153 33
143 75
192 108
25 6
62 148
183 158
77 99
19 158
12 0
93 59
14 63
10 40
191 24
124 101
136 59
55 30
3 137
184 187
157 121
120 196
188 47
81 102
80 151
92 170
161 42
179 174
83 181
141 129
74 148
104 110
12 89
158 58
124 91
50 74
197 75
36 7
161 148
39 78
64 137
161 138
21 14
53 7
151 142
94 1
19 32
17 102
173 42
159 151
18 90
62 147
17 177
130 76
191 118
50 198
159 36
53 99
3 136
14 187
81 160
192 133
193 40
23 175
73 80
155 128
153 22
100 175
87 126
117 174
150 118
19 33
55 35
171 72
3 19
154 169
72 125
94 145
194 40
105 116
14 140
92 65
117 134
162 187
64 123
13 44
1 99
77 42
161 129
127 188
53 22
6 49
96 64
194 195
88 53
183 32
3 2
134 4
70 195
145 43
77 30
66 130
17 20
123 8
96 59
96 137
127 125
10 92
135 35
104 158
37 102
198 31
181 99
97 150
104 59
144 47
161 174
104 67
93 174
166 125
123 186
138 167
172 175
155 34
192 4
19 16
73 30
164 0
77 113
168 118
37 186
132 8
82 8
157 156
19 20
164 163
145 79
105 45
130 122
77 161
51 42
136 24
110 8
21 24
161 26
34 33
76 187
143 101
156 45
93 48
133 176
130 169
12 43
151 169
179 154
198 4
77 2
72 102
50 158
18 43
27 79
72 137
22 65
155 186
116 165
171 142
135 1
166 136
85 40
86 17
182 199
34 20
150 131
77 44
159 106
151 112
34 7
44 167
50 182
88 79
93 110
152 124
120 64
144 20
37 116
96 198
72 79
183 71
151 42
96 127
37 4
106 38
143 15
124 129
70 38
44 59
108 58
0 2
60 112
86 180
158 99
15 146
161 35
199 170
46 4
84 99
29 121
199 24
104 188
73 165
73 188
139 129
55 54
168 84
77 197
27 108
117 39
12 79
100 20
161 74
46 14
60 121
104 53
94 148
102 90
153 74
5 150
88 87
72 128
9 165
164 76
14 150
82 58
106 58
73 103
157 85
127 30
183 72
143 114
5 108
115 59
130 149
41 106
145 49
185 57
194 47
98 126
15 63
77 31
191 51
134 63
76 59
103 170
154 118
163 102
67 18
115 60
117 45
87 149
67 89
192 116
0 176
14 190
74 187
120 17
80 43
128 31
115 29
17 36
54 71
180 1
104 64
53 174
193 4
155 48
163 49
111 4
188 79
87 119
50 80
100 40
173 196
60 23
181 44
29 47
71 119
124 49
135 110
144 108
85 110
10 159
84 126
3 85
194 174
28 16
144 187
9 112
180 124
172 149
25 37
15 38
96 174
179 56
21 196
105 18
72 75
74 174
115 196
92 195
70 89
196 113
157 175
17 74
67 65
168 126
76 90
61 57
55 177
21 148
88 179
147 148
117 64
81 17
199 8
185 110
130 15
117 173
159 82
96 196
156 146
21 20
108 4
158 31
39 165
9 141
185 51
155 68
164 8
168 39
94 49
189 8
180 140
173 177
115 141
14 26
120 36
124 186
117 44
182 31
74 177
21 57
183 36
25 98
117 130
9 23
189 20
103 90
21 139
83 185
139 151
162 78
173 156
178 172
96 131
55 36
2 122
18 30
17 47
85 30
27 6
84 134
190 78
28 45
120 182
104 31
83 71
98 110
173 176
124 38
180 33
22 78
141 47
25 161
25 79
10 98
139 15
25 34
109 129
180 59
11 119
68 35
60 160
86 124
127 24
41 125
50 196
75 90
67 113
104 174
66 118
54 33
180 174
88 152
70 2
153 20
89 122
67 150
89 45
117 32
120 27
67 106
92 36
185 101
155 59
197 4
183 175
44 119
117 91
184 111
67 160
19 8
93 176
81 173
13 101
173 146
192 122
105 15
136 148
162 40
98 113
21 150
192 17
12 124
157 87
19 199
25 52
53 147
102 142
74 91
144 184
195 42
190 16
23 59
10 82
183 48
22 90
88 40
9 92
98 16
21 71
144 48
97 188
139 121
132 196
55 42
87 76
197 174
194 7
152 78
182 148
22 95
17 91
163 45
100 42
26 129
73 74
52 90
39 119
10 56
196 176
98 45
103 38
182 123
81 128
17 149
12 154
29 33
141 125
191 75
69 30
109 78
107 22
21 5
155 126
183 137
132 22
60 68
5 147
105 131
66 62
68 160
12 72
115 84
172 186
97 53
21 37
138 129
145 44
127 49
182 22
162 134
46 63
12 1
72 158
141 146
130 138
87 74
41 52
89 118
102 176
144 119
189 174
164 180
178 149
83 113
117 37
135 112
86 52
194 196
181 114
151 148
150 177
181 174
104 141
163 128
164 78
75 176
192 61
26 186
84 148
10 122
80 128
83 79
87 156
52 51
21 53
185 23
3 34
12 38
130 44
14 151
135 82
27 68
195 169
124 112
190 129
80 113
34 124
127 102
46 68
173 33
168 172
153 113
41 37
19 42
164 121
155 22
191 102
93 20
12 137
81 198
88 58
46 113
75 95
61 71
100 146
0 65
152 142
17 111
6 146
189 166
9 95
130 95
96 156
88 103
185 56
145 74
179 40
67 32
191 65
164 53
152 76
171 4
3 44
86 145
152 199
194 20
96 114
123 167
190 112
87 15
198 7
93 84
105 196
157 111
83 8
199 174
60 129
92 42
159 112
41 176
162 36
189 132
107 24
50 76
164 167
194 22
53 58
105 160
25 67
194 111
105 33
107 44
144 70
189 105
64 148
100 74
130 190
26 8
53 123
138 125
139 68
12 28
25 36
73 91
132 1
192 127
188 56
86 54
11 60
75 186
198 176
109 48
108 187
100 112
130 28
123 131
178 139
51 126
53 165
182 78
11 42
117 40
189 163
143 139
143 138
184 68
21 167
94 163
72 101
3 125
87 128
158 43
2 186
77 61
61 110
115 111
182 57
133 167
57 146
5 26
27 31
53 43
80 134
34 65
179 79
15 125
19 150
191 92
153 78
168 148
153 140
181 136
93 39
191 126
72 177
10 129
46 136
66 59
53 186
94 129
22 49
39 65
34 49
189 131
94 44
94 99
116 33
53 1
172 126
185 6
86 65
171 186
111 160
87 118
67 74
98 63
62 177
55 49
192 158
190 47
86 58
132 141
83 161
77 71
104 35
70 188
103 138
97 166
141 122
72 141
27 32
198 40
135 7
130 142
171 43
69 82
66 24
13 121
188 122
81 15
19 118
9 56
157 149
96 180
133 149
66 29
183 75
193 18
55 170
72 111
11 108
34 82
13 123
66 136
144 185
94 142
85 24
73 51
144 85
163 4
93 122
197 116
127 79
71 91
36 121
127 51
18 78
154 129
13 118
117 135
11 16
182 63
143 47
68 30
115 32
34 40
193 158
144 153
17 106
25 56
28 24
133 2
64 112
104 161
134 131
94 170
13 176
188 113
27 102
157 64
168 163
124 43
26 56
41 108
155 70
25 14
164 196
188 35
155 85
34 177
62 160
55 194
120 133
86 119
51 169
12 190
171 74
103 195
141 169
60 199
85 36
135 187
171 112
72 154
183 90
199 95
46 91
88 95
172 101
21 38
81 64
161 151
105 149
5 116
46 121
73 197
199 101
133 29
39 136
41 20
153 123
60 195
28 32
157 82
145 101
77 160
184 156
164 19
73 167
162 2
171 71
115 113
97 91
106 113
75 149
103 121
188 59
147 32
100 111
18 140
34 106
152 35
92 28
81 108
127 95
40 160
156 121
19 196
194 82
6 175
155 27
21 151
155 54
96 140
115 165
144 167
190 20
70 47
21 134
5 124
3 116
62 151
46 32
138 47
178 154
157 146
130 102
143 137
10 128
60 82
67 111
138 148
9 138
97 114
46 122
54 2
132 48
168 175
183 116
1 167
82 119
88 71
51 47
61 123
40 140
55 185
34 113
29 174
107 42
34 108
198 154
11 196
84 91
41 163
46 123
55 79
117 60
155 17
40 177
151 24
22 160
25 57
127 138
198 58
198 49
163 190
62 35
156 169
67 102
181 149
51 167
154 30
40 49
70 6
92 112
164 131
10 7
171 116
127 175
111 20
19 95
115 82
72 6
10 113
192 26
41 29
168 47
15 49
124 118
62 57
12 106
139 123
164 161
25 2
181 165
9 126
185 102
9 123
55 159
157 184
145 174
120 197
39 131
115 57
86 185
86 45
185 199
107 30
87 26
11 194
14 89
89 8
135 137
196 65
88 131
192 20
25 187
94 146
111 63
98 122
184 2
109 126
13 142
155 100
132 160
193 176
110 119
100 106
48 30
106 167
106 65
191 57
143 32
100 22
130 196
97 139
164 154
161 65
166 44
25 92
46 84
60 122
105 129
161 123
64 57
143 59
117 147
62 31
25 142
183 110
98 124
61 175
83 141
50 197
12 136
164 102
37 160
166 51
190 8
183 112
180 126
83 150
116 91
139 170
46 159
97 72
190 65
12 145
120 176
13 91
166 45
116 32
100 114
11 32
3 170
117 56
88 45
50 162
196 58
117 167
191 153
93 195
104 175
94 58
184 134
180 186
198 18
155 149
152 42
36 58
69 89
13 169
197 141
70 79
198 142
191 136
168 64
115 114
197 51
178 30
69 22
155 139
145 7
81 124
105 51
54 29
46 116
194 169
28 78
139 23
75 43
155 62
136 45
88 116
143 112
168 185
164 59
37 131
66 34
143 188
83 122
92 175
192 57
19 195
18 149
162 43
66 64
66 40
70 58
77 170
3 65
172 108
184 121
139 28
53 125
66 68
18 33
88 154
179 76
114 121
39 125
117 31
156 49
72 20
60 134
168 101
192 24
152 138
179 6
179 42
136 16
111 121
141 177
124 160
144 180
107 123
97 38
130 174
81 59
77 14
10 180
143 152
144 32
80 158
89 170
154 47
84 36
36 49
34 170
46 151
88 107
100 136
164 79
14 110
18 42
104 54
21 122
191 123
13 147
199 121
73 106
23 129
191 186
130 126
52 59
41 35
103 141
83 137
87 99
86 20
62 16
34 44
156 187
61 49
54 146
162 150
11 38
76 91
64 42
5 188
72 65
183 153
25 24
189 167
72 42
183 141
37 188
109 108
130 59
17 156
92 49
192 54
5 131
75 79
196 30
68 90
10 47
77 184
61 74
77 56
157 75
14 58
181 2
157 76
84 116
199 7
189 24
92 48
183 19
168 136
161 110
61 95
93 181
199 169
86 152
66 138
84 187
93 124
55 180
82 59
144 109
135 149
86 127
46 48
138 90
80 142
197 22
93 58
182 160
198 91
14 137
29 43
25 141
135 101
117 20
120 132
97 64
50 110
9 175
191 78
46 0
86 26
192 139
103 75
92 1
69 85
108 91
117 179
178 128
13 32
89 146
76 113
29 31
107 175
53 110
81 116
189 103
120 58
21 35
13 160
162 106
173 116
155 185
117 158
87 106
69 109
166 148
104 33
145 99
150 160
15 59
152 4
96 133
11 67
73 82
115 27
128 146
12 31
50 8
14 49
19 82
81 111
60 8
136 169
54 99
199 45
39 160
96 112
88 14
21 17
13 26
37 51
191 6
162 26
46 105
94 100
150 175
185 126
143 133
27 126
173 18
46 37
158 16
96 124
183 47
100 38
193 138
182 121
181 160
197 35
67 110
88 59
86 74
81 176
12 52
12 112
194 57
123 148
104 111
144 173
138 177
157 190
182 95
168 82
155 98
138 49
3 184
109 154
107 71
46 106
105 175
37 199
130 110
139 99
41 180
13 165
133 111
85 79
83 108
93 180
1 45
120 5
127 134
130 129
17 99
14 131
116 131
94 47
143 125
194 36
53 108
162 146
116 125
192 110
86 114
81 57
180 7
164 158
152 126
1 175
21 78
115 80
3 158
96 54
179 101
67 90
184 99
48 16
182 113
115 91
88 165
153 7
191 89
109 36
115 92
69 64
100 1
189 148
97 160
164 38
81 106
5 28
196 148
144 126
13 89
181 126
21 162
53 82
93 7
159 125
96 187
190 38
115 105
155 51
120 20
157 133
117 1
40 90
97 47
109 195
77 133
70 126
94 184
25 54
172 196
116 122
97 145
40 119
109 158
73 40
193 102
0 188
88 122
157 112
77 194
120 6
132 28
93 74
159 26
87 112
75 126
147 95
62 128
13 29
70 7
198 196
73 154
52 29
9 140
18 16
9 142
104 135
192 180
181 195
10 142
157 48
75 119
66 19
69 126
98 165
197 125
64 40
97 123
86 34
69 142
86 2
39 148
195 118
104 146
179 175
69 145
12 33
54 131
191 100
181 6
181 110
183 22
28 38
116 63
157 108
83 119
117 72
97 179
178 145
75 33
80 154
54 140
26 167
66 133
17 128
83 174
23 38
135 56
80 188
17 24
199 125
133 44
172 154
153 79
96 72
96 166
145 177
70 134
83 82
171 67
83 126
72 169
57 47
155 26
153 154
117 68
52 95
163 76
61 90
13 65
128 65
19 170
144 161
179 78
84 76
168 135
183 92
67 51
152 160
52 74
109 51
166 114
183 7
159 59
171 39
104 190
138 31
107 190
193 49
192 62
12 199
115 37
103 16
50 137
85 137
111 140
55 7
111 187
115 51
155 74
180 56
57 125
87 131
100 160
50 190
54 43
77 36
161 30
100 140
156 43
104 113
72 195
25 53
93 126
111 129
67 8
156 118
88 32
182 154
25 74
180 125
182 158
96 48
53 79
145 76
150 121
193 121
3 119
52 174
82 90
120 170
27 33
139 125
161 49
139 33
89 176
28 91
183 196
115 36
70 177
61 196
188 175
171 48
85 95
5 175
77 169
106 165
162 18
77 32
193 195
17 134
103 142
93 0
191 197
197 57
178 91
96 149
107 63
196 33
0 74
199 176
108 176
89 112
145 108
162 91
89 38
61 42
135 4
25 8
11 61
83 196
69 123
81 197
51 95
3 4
97 31
80 18
139 75
151 160
88 98
14 141
191 7
14 18
120 185
106 78
159 128
117 61
77 65
28 90
117 76
88 100
132 102
37 119
107 195
135 128
159 131
156 119
11 149
77 106
81 72
171 80
93 108
132 82
77 188
116 112
100 28
115 95
136 119
145 1
94 175
21 56
82 56
171 95
62 176
138 101
34 169
64 20
3 173
85 154
163 57
155 61
145 75
150 24
151 79
40 118
50 169
114 63
123 142
190 95
159 175
171 98
166 112
154 113
80 136
19 75
171 52
28 146
188 90
17 136
94 194
36 24
74 112
172 113
25 128
109 151
41 188
132 79
159 186
153 190
152 82
55 82
92 141
34 149
3 128
1 148
55 48
97 102
173 141
173 78
50 24
21 1
181 118
161 101
173 4
191 172
21 15
68 99
171 147
109 35
73 102
21 195
34 154
83 15
138 59
48 149
19 124
68 24
61 138
28 65
9 36
128 35
184 40
143 76
15 101
136 137
155 13
185 24
110 148
77 63
116 186
27 190
41 22
94 156
152 101
133 71
192 1
85 124
14 170
163 35
12 62
26 176
22 131
97 108
147 33
172 174
92 188
191 90
136 125
66 18
127 160
66 105
88 121
86 91
108 99
116 47
84 1
197 112
88 63
19 74
194 56
188 99
198 114
50 119
72 126
92 4
145 113
0 111
94 22
92 47
14 188
184 129
100 101
67 68
164 130
110 113
151 99
54 118
44 112
198 124
127 16
158 35
155 140
197 63
94 78
57 38
157 20
190 32
11 195
153 175
46 90
178 108
134 177
21 137
55 147
9 131
66 108
198 8
164 169
44 7
152 56
41 140
98 95
93 65
139 47
124 8
124 63
127 112
194 24
87 2
13 108
82 170
96 44
172 158
117 99
104 18
178 181
13 177
17 108
12 162
133 57
76 137
159 140
161 196
34 140
100 125
94 169
139 111
155 138
12 80
18 177
144 101
14 136
179 30
9 78
192 68
10 193
120 18
116 149
57 170
71 31
115 161
139 154
88 22
52 176
70 28
138 32
98 136
50 7
193 111
14 57
168 145
182 7
14 122
163 199
197 31
157 42
81 85
104 45
93 29
184 136
178 48
132 35
164 175
120 59
64 45
27 167
106 140
168 45
106 43
185 167
21 19
152 1
81 99
50 59
103 165
182 136
11 54
14 142
130 160
14 165
188 121
197 33
147 125
12 36
86 197
97 152
115 160
62 123
172 121
178 85
191 26
178 123
193 29
9 1
196 59
132 23
117 149
134 59
134 146
41 2
55 140
117 118
191 193
191 36
71 129
115 198
163 138
143 162
83 148
153 116
136 112
21 91
117 26
172 122
115 62
46 95
96 79
198 137
57 65
197 121
124 24
21 188
17 118
37 151
184 36
133 158
124 56
115 24
57 148
66 37
178 82
0 89
39 36
184 140
107 170
26 95
144 8
64 29
46 33
191 124
106 148
189 134
93 89
70 95
67 76
98 31
145 31
168 40
183 60
83 40
141 119
54 116
164 99
52 110
127 177
191 112
168 78
39 71
155 35
178 51
117 7
120 105
104 48
104 44
155 123
68 146
189 28
21 64
96 19
25 72
3 53
102 78
179 195
14 177
188 20
199 32
71 49
189 64
77 60
64 140
73 37
44 137
173 36
179 165
66 113
104 132
13 110
159 138
64 36
162 33
188 58
97 13
132 29
172 90
154 125
179 124
19 119
194 158
23 63
108 20
144 145
107 106
171 45
75 91
22 31
36 176
27 169
39 68
152 106
9 162
41 48
80 58
147 65
0 160
50 28
92 125
153 176
92 150
189 190
11 113
53 26
104 184
67 48
46 45
96 135
81 121
10 52
115 175
25 90
182 174
171 53
10 0
28 129
93 68
9 68
13 175
13 74
120 29
6 91
130 2
96 179
189 196
46 125
22 43
184 32
182 112
12 24
73 78
143 23
92 89
69 118
139 89
83 110
133 118
115 101
23 170
94 20
72 188
73 56
9 53
11 187
2 16
173 59
114 175
152 63
133 76
92 29
102 58
156 174
188 4
29 170
133 1
50 29
17 59
151 167
164 165
127 140
183 180
9 145
69 154
145 16
70 138
191 187
153 125
139 31
61 22
1 31
28 170
73 182
88 111
128 38
116 137
0 40
83 139
196 45
71 176
93 193
72 150
27 118
22 176
116 174
185 175
21 118
41 175
60 188
52 165
143 149
23 99
50 151
143 40
155 57
77 112
181 137
164 44
53 8
139 91
178 180
145 160
97 92
171 151
34 129
55 179
127 131
192 181
173 113
197 110
46 198
5 111
150 95
100 119
107 90
93 186
183 132
100 47
70 151
3 196
105 101
53 112
23 148
189 32
67 190
155 163
128 174
83 136
143 58
46 99
61 20
183 151
157 163
144 61
84 32
133 147
172 131
159 170
25 39
77 135
152 33
27 196
157 128
198 16
67 154
183 0
151 38
130 16
36 177
104 39
173 30
92 78
102 24
86 39
97 170
74 79
105 110
9 116
157 151
2 176
136 4
145 170
3 147
34 74
128 165
86 31
168 151
66 76
198 108
151 186
168 43
155 95
17 22
181 1
139 150
81 141
194 146
61 51
46 175
0 32
23 119
62 8
11 43
77 131
96 101
199 91
22 126
192 89
9 26
9 45
193 42
72 156
50 38
5 167
94 106
77 6
182 106
84 28
153 49
111 16
168 188
102 170
93 102
96 197
139 177
67 56
17 148
36 20
98 48
189 108
185 138
21 63
189 199
182 89
183 84
178 158
192 16
139 90
25 197
0 91
117 15
199 186
46 114
69 36
114 169
193 59
11 98
19 56
83 124
133 187
182 20
5 112
93 137
26 174
25 7
97 98
50 47
154 176
29 112
171 6
157 23
93 32
69 91
64 110
54 15
194 123
116 146
89 175
86 136
183 49
60 90
184 119
0 102
145 56
50 36
185 114
71 47
128 148
69 195
52 45
185 137
117 8
77 139
48 146
130 58
156 165
109 187
25 107
46 54
92 111
120 140
10 16
104 198
190 30
70 35
132 113
194 48
26 7
68 126
66 119
1 129
162 138
88 146
5 101
123 59
28 131
183 146
37 23
120 47
11 142
25 49
94 152
0 56
144 31
143 4
191 188
5 47
29 65
6 43
86 19
130 177
9 153
70 29
72 43
128 20
87 147
164 151
171 163
154 119
94 174
196 79
163 42
150 42
41 173
191 134
0 146
185 158
41 65
133 95
138 149
178 57
103 57
144 102
162 149
166 118
197 74
143 91
162 102
127 187
195 119
96 29
2 79
19 149
92 35
3 31
69 186
163 18
168 113
151 174
80 15
143 136
157 107
14 102
103 26
192 38
158 140
81 87
154 4
138 187
161 128
12 123
84 123
189 67
83 116
159 101
189 198
39 167
54 75
70 82
108 140
130 32
134 174
41 103
117 0
183 126
157 185
51 78
98 59
103 8
69 2
66 122
46 70
19 29
81 65
2 24
171 121
127 22
143 106
66 176
162 177
196 167
61 160
185 89
10 74
5 95
191 154
191 4
72 118
194 43
157 177
183 70
138 137
180 154
15 129
40 42
0 122
27 160
189 152
144 82
181 186
11 45
183 103
156 140
71 125
62 71
180 71
158 113
109 26
67 187
55 84
191 43
116 90
98 38
172 7
124 187
127 31
60 2
120 162
94 31
84 35
123 31
12 92
48 49
11 128
87 18
171 149
94 92
164 111
15 78
44 90
168 95
124 174
123 129
86 27
155 131
14 51
71 30
23 8
162 148
50 105
157 187
21 165
171 109
41 134
197 186
55 130
145 156
180 149
114 58
184 158
86 75
168 34
19 28
11 114
80 36
19 136
164 20
74 149
152 95
161 8
136 142
50 90
97 174
75 187
26 146
180 91
86 72
40 122
21 23
182 119
26 142
66 150
6 35
117 132
74 43
73 16
188 101
104 22
171 108
100 196
105 123
41 128
83 194
21 26
132 187
85 146
178 197
135 33
172 116
192 161
117 184
135 186
88 173
46 145
192 72
92 128
151 119
184 154
94 4
105 76
41 60
55 129
163 89
98 175
55 108
67 165
150 122
14 2
135 167
92 44
181 45
197 140
156 33
192 197
120 111
168 72
136 129
163 174
64 59
163 91
111 49
154 59
52 26
11 51
13 102
105 71
83 2
29 90
68 186
152 169
179 75
84 95
155 45
9 14
109 138
151 113
153 134
26 125
6 4
133 56
82 175
40 79
161 147
77 154
164 51
109 176
18 91
46 109
134 99
17 1
11 127
9 47
69 42
103 23
128 47
29 125
76 174
88 149
81 150
159 22
107 118
193 31
54 137
3 47
96 38
133 36
17 45
105 118
11 169
191 34
9 63
94 13
50 165
21 156
83 59
11 78
50 84
189 121
191 2
183 179
25 48
69 57
60 123
145 110
93 2
66 6
191 95
1 142
104 123
199 65
93 47
109 57
25 125
69 60
103 49
97 76
41 177
151 43
1 78
93 188
13 36
83 138
17 44
168 150
60 150
66 134
86 60
116 129
86 186
157 142
193 33
159 35
192 154
182 74
114 16
166 154
52 6
120 131
82 33
193 23
1 186
145 118
41 87
26 32
50 193
10 146
182 169
185 142
127 136
77 26
81 185
13 138
192 22
192 102
68 95
50 2
69 54
15 95
183 149
81 47
50 64
74 142
158 126
0 114
13 137
198 24
87 36
107 7
60 38
115 49
10 72
180 18
155 47
136 146
133 51
82 99
84 48
10 84
25 110
14 95
152 151
114 30
10 18
97 4
72 146
73 92
52 76
102 38
22 45
195 146
178 90
50 92
5 128
86 67
0 23
178 194
41 67
185 186
144 172
15 148
104 90
179 137
163 36
3 27
195 24
192 49
67 6
41 14
17 138
184 147
9 108
168 190
199 90
88 119
144 22
12 113
196 43
72 49
143 28
97 156
96 199
83 87
3 56
10 15
138 4
60 32
189 26
130 151
36 78
88 145
81 146
107 79
94 6
5 176
62 138
92 122
67 114
55 118
157 98
189 197
163 22
144 87
13 23
46 138
12 91
156 113
191 85
94 126
36 165
67 167
11 63
28 165
27 74
98 195
3 71
12 181
155 161
100 91
152 8
171 103
12 47
130 42
93 172
154 186
97 197
50 141
184 131
157 116
13 170
87 4
179 169
41 130
23 20
13 4
21 107
52 149
25 101
22 170
85 35
66 160
117 6
60 78
83 68
9 75
166 6
57 176
68 167
194 6
171 75
152 136
192 134
143 141
184 89
123 16
147 186
166 128
92 71
82 16
100 36
147 121
66 5
72 123
19 38
163 6
171 154
10 199
139 140
74 16
180 99
41 149
93 116
197 102
66 148
155 75
26 31
98 74
168 56
50 1
26 38
53 119
133 79
69 7
96 134
105 44
117 185
156 148
94 182
195 90
87 78
2 8
29 20
86 57
116 175
143 54
192 23
60 4
158 149
194 59
190 176
191 198
94 35
97 87
81 147
143 85
60 51
19 31
25 184
34 122
97 161
18 45
180 82
115 145
172 36
86 89
106 7
61 121
100 176
100 30
172 68
171 174
93 148
193 20
110 112
194 131
161 188
46 92
67 71
61 106
14 48
154 35
53 18
168 63
106 146
21 87
115 177
178 2
161 2
159 177
192 51
41 61
179 111
12 166
114 49
11 6
69 130
53 15
116 118
62 48
72 36
133 102
124 16
92 136
189 57
66 22
48 20
163 124
172 2
115 133
109 8
80 150
54 7
85 169
19 165
96 147
139 195
115 142
2 169
14 113
11 167
182 165
117 163
185 170
103 33
127 35
161 114
18 129
53 57
150 20
172 111
111 43
11 124
198 170
159 114
168 80
83 48
83 102
41 15
173 32
21 124
85 89
84 45
25 194
116 140
53 38
103 15
152 68
13 95
73 187
157 59
96 111
55 91
54 176
144 23
141 16
136 126
92 123
71 175
55 172
159 63
198 74
154 177
192 58
64 160
198 112
69 190
1 187
182 175
124 47
13 38
67 137
93 106
97 44
162 99
86 156
178 198
84 138
3 122
127 56
14 146
5 44
130 141
23 90
11 49
171 114
75 131
53 122
39 75
28 47
155 174
178 133
147 24
155 80
166 140
50 61
191 64
21 51
44 32
191 32
109 40
46 51
88 113
5 174
192 79
192 52
96 136
74 101
62 43
198 190
195 47
11 173
135 121
172 44
54 56
86 167
132 36
57 95
21 82
162 6
27 49
11 199
93 196
50 56
93 30
181 4
60 167
64 186
136 177
143 48
61 35
103 20
116 119
12 45
67 26
105 95
46 142
152 51
48 119
60 22
1 16
41 186
163 99
3 153
178 196
82 167
53 6
84 149
69 5
130 148
145 123
196 16
182 32
133 49
94 29
181 142
185 156
60 58
115 99
76 99
39 142
161 175
143 196
39 74
182 126
96 91
55 114
21 154
13 150
104 63
108 170
68 63
144 190
66 135
92 110
66 32
155 198
151 177
168 20
171 199
73 184
189 17
84 43
172 4
28 174
60 154
50 108
104 116
103 106
109 6
88 39
85 4
178 170
88 162
185 134
94 39
102 125
151 32
153 48
197 38
21 153
18 160
141 30
117 36
147 142
180 51
117 138
134 187
87 151
139 110
168 146
163 2
69 193
28 160
93 5
72 124
103 196
21 179
163 90
98 112
1 177
145 42
197 124
55 122
86 132
161 102
135 147
96 161
135 122
128 112
102 8
66 80
193 165
21 149
120 184
37 63
40 7
132 158
135 89
39 196
21 159
81 4
115 151
13 188
145 95
183 64
185 154
69 92
22 16
138 38
172 136
2 47
107 131
71 187
190 118
192 35
21 147
51 177
111 148
153 177
143 63
135 43
25 147
54 124
198 175
29 113
77 110
150 186
21 131
73 163
67 126
81 20
62 169
152 16
116 78
83 166
183 62
52 38
87 121
67 136
163 160
27 4
74 49
46 8
1 113
21 184
77 121
3 67
11 75
53 136
151 149
114 8
178 119
152 128
173 56
97 199
168 57
161 199
166 147
26 90
87 31
120 153
109 18
96 121
61 82
41 39
115 4
120 161
199 146
189 195
164 110
93 18
3 181
19 49
94 151
25 45
81 162
48 42
27 150
27 23
168 123
133 160
50 31
164 106
154 160
120 145
27 59
88 24
61 147
107 154
96 160
75 56
55 116
191 33
156 35
34 26
86 63
106 47
168 121
173 63
151 165
199 113
41 161
189 43
92 177
181 33
75 129
182 8
25 17
190 169
5 20
60 91
55 134
37 26
54 28
3 176
66 186
151 101
54 165
29 122
172 32
194 140
60 31
123 119
120 80
155 176
114 90
189 65
144 33
23 43
27 56
183 56
40 129
155 19
166 110
85 59
9 82
2 91
87 20
183 119
124 4
1 125
81 180
141 20
162 95
55 160
154 45
197 40
84 174
62 146
12 70
107 57
192 18
6 142
178 40
12 111
155 133
80 28
172 167
9 185
21 121
152 111
77 40
193 123
168 106
198 102
130 165
173 68
172 51
92 147
109 142
54 6
135 151
46 147
69 141
13 43
83 199
92 114
5 71
77 52
12 161
0 29
22 118
37 30
13 58
164 170
116 59
166 4
53 29
84 112
106 119
52 188
157 6
132 190
66 142
25 137
104 103
23 91
22 121
19 108
143 113
72 122
143 175
134 137
44 187
10 1
80 174
11 53
68 121
133 99
157 89
159 91
157 58
143 181
196 121
152 44
132 186
37 110
107 59
64 141
13 45
163 74
0 177
173 49
178 190
195 129
180 20
41 68
133 28
15 140
134 90
155 37
130 118
189 40
132 146
100 95
178 74
123 32
9 49
144 152
11 24
164 153
18 8
194 31
61 151
105 29
111 113
86 16
23 32
194 75
86 133
96 61
46 62
29 176
157 180
25 186
39 129
1 140
171 78
44 91
77 19
108 186
98 56
135 170
135 146
39 89
162 65
74 99
132 42
193 74
83 187
54 169
94 181
104 89
145 6
52 20
193 58
93 156
84 176
189 37
189 71
145 71
106 30
135 138
17 119
51 101
159 57
12 15
166 89
12 27
189 175
185 141
92 30
184 160
73 101
11 56
143 14
12 51
11 23
60 146
139 119
192 30
55 52
19 45
9 177
143 129
50 13
158 65
57 56
124 58
93 185
3 33
104 156
77 39
72 138
109 111
188 65
185 48
103 56
194 35
18 131
144 35
117 106
97 198
150 176
10 101
104 26
183 128
141 63
173 82
120 34
66 167
145 112
19 190
151 20
107 65
71 35
139 146
115 68
57 140
161 78
69 134
88 29
132 125
46 59
39 174
183 102
198 188
127 8
98 149
108 174
93 90
107 33
103 2
110 63
168 112
28 43
0 126
108 131
94 125
55 136
5 106
190 45
123 170
115 64
83 193
115 100
3 29
134 45
144 42
17 23
127 148
96 34
37 142
52 2
193 175
15 31
76 129
172 29
89 142
88 60
52 150
120 103
114 186
81 158
191 59
77 151
52 131
87 44
41 31
25 122
17 131
115 8
163 63
55 126
14 138
198 134
75 167
67 20
105 59
57 16
179 106
13 186
48 169
54 175
195 176
153 174
114 91
144 194
3 169
12 188
82 122
18 56
26 59
25 160
130 4
111 146
96 126
139 114
178 127
52 146
21 74
163 147
192 71
108 167
55 196
46 71
14 106
85 140
114 42
155 108
73 173
135 156
53 114
21 146
192 172
66 193
154 7
94 137
77 92
66 57
39 82
132 59
51 59
75 4
107 6
106 101
77 125
86 15
104 57
26 43
19 116
2 78
120 180
162 76
25 91
51 99
75 30
132 91
120 91
96 113
102 43
89 174
143 90
84 78
23 174
70 119
120 68
182 142
133 35
28 95
37 126
10 33
66 58
153 30
139 186
189 173
199 30
67 170
81 63
6 177
197 15
81 80
29 126
13 111
80 45
92 23
117 105
62 29
100 79
3 80
21 16
109 149
162 58
105 2
180 119
21 102
10 30
158 146
22 24
86 153
66 39
86 112
158 160
173 124
183 87
1 91
37 82
18 112
96 169
55 135
96 18
168 105
136 47
128 129
64 71
104 82
0 165
173 123
3 138
22 33
104 122
98 18
194 74
168 125
85 167
152 174
55 162
69 181
50 34
110 131
54 40
28 118
64 131
171 110
37 7
115 163
161 116
102 121
67 134
141 149
69 32
188 125
80 106
135 57
173 28
83 6
50 19
73 0
172 38
68 65
55 121
151 125
46 80
11 76
93 42
183 154
104 128
198 1
88 198
145 187
61 125
105 169
26 170
181 49
96 159
192 138
39 24
69 150
23 142
179 31
88 133
194 176
50 187
171 27
171 57
61 56
83 170
74 113
66 114
9 130
115 1
179 119
108 43
69 45
86 95
0 141
46 195
62 112
100 32
18 169
40 32
92 148
144 99
98 90
6 16
106 177
108 149
173 148
50 123
152 170
105 170
151 126
103 190
55 27
166 195
189 58
83 176
37 15
143 16
60 126
66 87
11 185
3 60
98 49
28 187
117 152
155 64
53 158
77 13
172 165
132 26
138 24
41 114
44 186
199 16
183 59
115 75
15 142
117 187
143 87
50 160
21 54
80 141
97 142
62 90
189 95
157 33
61 43
180 131
144 76
117 141
82 118
19 71
11 109
93 60
157 63
183 16
48 174
50 170
157 179
173 95
14 112
92 33
171 197
41 57
46 56
88 35
53 190
179 118
69 173
145 195
88 132
104 153
67 38
145 148
161 76
155 141
166 24
77 34
135 47
11 107
77 196
1 47
150 148
144 51
106 186
88 135
163 176
10 179
76 56
178 70
62 199
161 24
29 30
54 38
181 90
34 23
83 197
139 128
87 148
85 129
115 7
88 158
179 149
19 65
93 82
92 142
194 1
85 20
62 47
17 110
152 154
163 175
21 72
107 74
73 141
144 133
171 172
197 18
163 125
11 44
37 195
116 79
168 5
183 131
116 126
92 91
180 89
166 91
143 29
110 175
158 118
114 142
55 78
13 129
55 22
96 68
60 140
172 78
34 47
191 139
70 18
81 31
72 15
143 148
75 113
157 134
104 102
9 84
147 16
81 34
185 30
62 63
67 75
34 30
117 194
69 148
178 65
156 186
17 90
73 148
48 24
96 4
64 79
145 102
109 177
183 63
180 142
152 125
50 48
196 146
145 190
70 57
9 6
98 29
171 63
155 87
6 122
84 170
97 40
153 169
85 82
66 182
60 40
189 60
197 65
14 20
10 63
9 0
71 165
12 14
17 169
132 174
81 13
97 59
0 57
159 119
143 142
10 195
77 20
184 170
183 139
81 2
2 56
18 20
10 190
52 196
41 54
77 15
83 103
141 31
181 20
98 30
135 32
162 113
15 113
86 32
115 182
86 134
36 118
106 125
147 30
41 72
22 165
179 121
86 110
88 0
93 16
85 199
197 146
70 140
153 15
73 65
69 129
139 142
68 137
168 74
61 16
97 89
86 116
198 2
69 199
73 176
179 90
164 85
27 71
36 56
107 8
199 118
17 158
74 137
44 122
3 110
28 79
132 188
41 137
84 23
143 151
25 162
181 138
130 111
66 107
183 2
171 146
62 1
96 45
15 45
104 70
100 138
94 18
29 8
100 190
73 138
27 48
12 95
11 65
10 177
64 74
23 24
11 48
57 167
21 89
110 38
60 20
66 173
163 112
183 182
9 159
36 122
109 58
77 182
171 79
88 172
145 15
116 170
192 137
178 98
52 23
159 31
61 89
2 170
27 136
68 122
164 7
75 24
0 6
168 58
109 102
83 167
164 84
85 90
69 38
41 24
116 24
14 28
97 185
54 108
98 36
22 146
193 44
11 153
103 91
178 54
25 174
153 119
164 36
34 71
53 121
100 188
173 108
88 109
145 176
150 167
10 181
143 57
166 167
55 176
11 57
21 101
82 142
158 8
36 142
144 30
192 67
9 40
127 122
15 131
155 152
10 151
111 35
83 132
104 51
100 113
60 156
161 58
94 27
130 18
70 102
106 49
190 43
60 177
136 65
100 116
44 140
100 78
188 131
13 59
76 33
94 59
69 51
100 121
93 107
23 160
14 101
54 156
77 80
159 29
93 194
97 194
46 139
1 49
50 85
86 64
159 71
185 121
54 49
37 2
130 47
39 187
3 111
181 134
120 123
171 82
141 148
37 118
76 8
150 79
153 2
25 177
3 142
55 29
104 23
164 29
5 165
168 99
93 103
152 89
13 114
171 26
54 121
23 7
104 34
62 136
83 106
75 101
166 75
188 45
2 140
87 6
34 101
87 136
156 63
181 140
21 52
115 61
10 114
164 62
157 57
168 87
81 134
96 0
81 142
94 90
106 121
109 56
5 23
80 4
52 158
136 8
135 40
168 186
46 165
164 188
84 129
103 32
134 121
162 32
85 45
84 118
166 56
12 174
44 121
94 23
96 184
193 91
25 172
67 116
168 159
124 167
19 111
168 18
168 153
194 78
185 71
191 177
103 124
189 109
127 150
178 129
132 142
109 16
97 129
19 112
194 124
17 174
77 72
199 149
80 149
178 8
189 162
61 113
53 131
69 90
188 118
109 113
127 141
37 134
154 78
144 135
195 142
92 174
96 182
75 160
70 116
168 2
73 186
168 134
159 187
152 186
141 142
14 114
135 45
103 129
197 26
105 1
11 141
53 167
66 127
94 111
36 125
154 91
158 174
158 167
106 32
18 142
50 32
164 128
195 148
100 154
81 78
145 58
64 43
11 102
94 62
193 8
130 91
196 4
82 63
189 127
53 56
194 186
21 47
172 48
144 67
27 8
40 165
11 8
6 148
123 99
68 31
144 156
60 79
120 22
105 124
182 76
12 193
115 193
36 32
70 24
139 112
96 109
144 162
173 26
86 105
173 142
86 196
117 160
135 63
138 176
17 154
72 23
196 101
40 47
9 139
12 139
85 33
17 76
127 167
11 36
105 148
64 47
19 59
164 126
134 142
166 121
127 65
132 126
143 103
3 132
9 100
102 32
102 35
88 30
108 129
84 68
77 37
166 111
107 149
52 114
163 43
11 172
166 134
197 8
41 27
77 33
130 79
9 180
51 7
11 68
198 57
83 91
194 142
194 28
46 129
12 158
21 112
108 24
192 199
54 102
12 163
120 65
11 74
73 54
120 167
25 198
189 137
3 167
151 137
25 131
199 78
15 65
0 131
50 122
178 177
133 142
76 101
13 40
183 65
96 47
117 129
141 187
173 187
83 92
155 177
21 182
41 105
11 126
64 142
23 112
41 190
120 71
161 160
77 159
143 109
182 71
133 128
189 194
179 176
70 71
5 134
21 128
166 122
1 42
144 129
194 15
115 122
188 8
115 102
9 65
46 26
83 146
195 131
25 103
89 160
86 190
96 106
134 148
96 23
25 65
163 58
153 122
66 123
98 79
5 57
192 193
94 79
161 142
76 140
114 38
50 18
173 51
197 71
133 26
73 75
100 90
183 148
81 60
73 14
61 91
138 121
10 80
80 16
66 100
128 56
157 53
69 158
105 4
154 142
134 58
87 140
143 158
50 185
115 148
120 199
40 31
96 85
133 175
23 126
6 47
86 131
172 42
17 35
9 194
172 56
181 24
48 142
34 22
10 112
178 17
13 106
40 24
143 123
189 106
164 52
155 76
55 112
161 40
188 31
64 63
77 70
84 22
69 34
124 131
50 113
81 129
191 67
166 119
189 111
46 44
26 126
96 150
194 138
69 28
193 151
50 179
41 118
164 13
62 74
117 145
104 0
114 78
157 137
80 26
162 38
75 42
11 15
37 68
83 142
109 146
69 35
143 67
139 149
72 151
37 125
87 79
108 90
69 121
15 8
152 49
171 34
69 172
52 147
166 38
103 147
109 167
143 62
73 105
120 187
178 173
94 196
25 35
194 16
70 45
147 7
77 82
83 179
139 187
55 139
105 79
128 131
26 24
57 122
145 38
162 4
37 36
37 29
34 116
96 27
10 108
173 57
107 110
26 99
81 56
198 138
103 6
70 190
69 4
54 119
158 170
44 169
11 197
106 8
92 154
64 136
86 85
57 187
123 174
197 108
107 142
50 75
98 106
64 24
64 4
66 131
105 90
51 165
158 129
196 149
173 99
103 48
161 165
84 151
138 65
182 59
145 22
66 14
70 113
76 186
152 15
133 75
198 65
139 174
52 126
50 181
54 35
107 20
108 137
86 187
44 20
162 31
36 59
50 82
173 75
69 29
123 35
3 186
184 6
41 127
117 169
184 151
6 126
62 26
19 147
117 112
69 44
54 16
53 156
1 169
163 38
23 4
191 140
144 58
151 129
145 28
93 132
50 15
66 44
66 137
98 65
34 148
183 188
141 42
83 118
94 136
168 177
81 29
107 40
27 20
109 15
96 122
9 85
152 147
198 131
52 57
105 23
181 79
127 47
108 49
25 100
64 156
178 184
120 4
189 186
94 121
3 43
84 26
115 42
191 185
178 52
34 196
83 159
6 20
133 129
192 42
104 133
117 92
115 44
141 58
153 136
109 24
136 33
80 167
81 184
135 65
3 64
163 121
103 149
164 197
153 150
124 7
21 34
106 56
67 24
188 32
178 1
41 58
52 128
74 59
3 113
102 129
77 185
93 53
21 92
166 187
80 125
124 170
115 87
150 59
11 132
116 169
179 146
132 169
17 126
18 119
11 85
141 56
103 146
143 24
120 67
86 118
39 158
191 39
180 22
34 43
6 56
46 158
196 118
52 151
5 30
41 8
194 44
181 190
41 33
81 18
114 112
107 18
102 63
46 169
145 65
61 186
34 150
86 109
164 26
132 170
72 142
88 124
196 90
192 151
75 31
21 111
103 113
9 54
105 111
50 87
141 38
69 137
96 87
115 172
120 24
189 102
68 118
173 125
17 121
189 80
162 141
72 16
156 31
15 160
61 7
144 196
172 24
84 20
70 150
88 91
136 122
166 149
11 161
17 188
103 114
128 170
50 126
13 18
191 103
40 35
52 65
11 82
150 38
100 165
54 101
190 42
199 142
70 91
6 101
109 75
115 18
182 2
70 78
15 119
69 58
198 63
136 175
29 142
67 44
135 42
124 121
189 16
145 126
116 31
185 63
92 58
26 42
162 8
117 125
161 186
48 58
127 196
143 5
157 186
85 123
115 154
172 102
157 181
41 38
11 140
105 16
57 78
130 187
62 150
0 119
166 108
3 105
61 122
83 158
69 19
104 181
25 51
143 130
17 170
145 146
68 175
161 119
164 199
77 134
26 35
198 101
93 119
185 65
73 85
34 176
17 40
173 158
144 39
85 125
36 31
81 7
154 167
116 16
105 187
193 82
154 148
39 190
11 20
102 177
147 113
62 95
41 92
139 30
199 112
192 123
192 170
168 137
5 122
55 111
130 176
145 128
143 116
39 28
157 90
14 36
93 43
163 23
182 1
84 4
105 56
11 39
117 48
34 59
64 108
37 16
178 135
166 8
166 48
92 102
183 45
163 29
136 113
192 75
12 87
197 167
15 126
81 71
46 43
188 7
191 23
168 131
96 175
97 67
51 43
39 122
67 123
107 89
96 16
37 74
154 16
73 151
66 35
51 90
17 195
92 124
5 126
183 162
190 99
105 146
14 68
6 131
191 181
103 76
69 182
88 38
73 33
76 42
194 190
10 160
96 107
61 176
96 62
52 48
0 75
153 1
68 131
96 167
102 59
92 199
96 40
97 26
178 152
41 159
10 123
139 165
184 57
37 33
155 136
50 30
130 89
180 32
97 196
72 32
190 91
178 125
60 149
196 95
52 138
127 158
157 51
28 4
82 7
117 113
80 169
171 166
120 95
10 78
36 42
85 8
104 108
159 33
104 95
96 33
93 136
39 101
9 188
147 118
81 74
198 149
5 195
181 56
84 59
37 6
1 126
5 63
83 188
199 56
145 140
132 44
82 30
189 118
22 169
81 26
84 47
77 163
55 58
179 45
52 79
191 37
87 95
181 156
171 134
34 174
107 128
76 177
19 91
26 47
191 16
117 75
93 38
172 146
81 159
109 170
180 26
191 82
98 167
3 91
21 79
9 136
69 156
68 33
172 75
10 79
66 89
107 101
46 57
123 56
124 59
115 173
114 126
179 1
86 122
60 36
9 19
179 187
168 116
88 78
55 5
86 23
60 7
155 58
73 31
96 153
143 160
196 131
161 63
153 91
189 35
67 91
104 36
81 136
104 193
94 19
80 74
92 22
61 134
52 16
173 175
66 15
124 45
97 33
144 92
64 199
193 174
44 4
85 48
104 138
178 36
21 33
13 190
105 188
96 148
13 99
168 194
191 109
25 112
139 56
9 127
71 113
70 75
110 35
156 91
166 76
159 169
193 65
21 59
11 174
184 45
71 101
66 53
166 43
50 95
135 20
69 176
115 152
6 42
184 122
73 90
75 8
193 68
191 106
83 114
178 132
164 116
96 63
171 125
96 1
22 56
155 101
75 16
11 19
46 89
39 35
178 113
144 79
25 169
164 137
164 107
135 134
144 68
193 199
171 123
182 68
83 26
29 42
163 195
158 90
86 44
164 87
97 151
168 30
180 112
120 26
172 199
162 136
198 106
92 158
100 57
97 153
189 130
80 2
61 116
181 112
115 48
188 95
71 131
195 170
10 14
153 112
83 35
69 124
12 109
154 99
150 165
134 176
88 182
9 118
133 148
84 57
29 78
199 43
179 141
0 44
143 187
181 59
17 28
81 125
29 160
180 29
83 51
5 156
180 15
102 56
161 113
66 63
120 110
83 23
28 186
198 23
9 106
53 44
73 39
117 89
98 123
97 186
21 177
80 177
159 32
37 106
198 26
39 111
80 29
64 116
18 47
117 195
107 91
115 158
157 169
94 139
135 129
139 22
21 114
10 165
152 129
98 101
73 13
110 95
40 99
68 187
116 49
164 28
36 16
163 118
82 91
132 47
145 122
107 95
94 52
89 125
9 74
161 47
173 31
25 153
55 8
55 71
197 113
197 36
88 4
19 79
162 48
189 63
178 27
73 48
92 15
115 38
21 140
18 32
25 4
130 24
182 56
37 78
168 138
117 51
144 105
145 158
98 28
117 80
151 146
114 174
76 24
48 113
22 30
185 146
37 59
159 167
93 140
60 124
107 126
103 131
106 170
77 29
67 4
34 114
143 140
48 33
154 131
41 6
156 125
5 32
109 136
81 148
197 165
138 131
82 31
76 112
64 75
60 48
17 125
154 79
180 74
145 24
37 114
28 58
55 80
158 137
133 18
12 185
143 78
180 106
117 43
37 71
72 176
83 121
77 158
103 40
172 110
27 175
75 122
139 1
73 134
182 140
97 101
185 177
39 8
46 148
29 167
48 177
3 39
132 68
55 142
85 121
198 195
155 158
86 129
150 137
98 44
120 173
120 114
183 156
199 20
12 196
156 32
179 170
196 174
69 161
97 6
54 26
195 16
66 99
159 8
55 65
158 20
69 78
46 75
144 147
69 174
37 154
50 133
109 4
198 156
3 61
64 7
192 6
88 2
106 16
13 75
53 45
93 85
194 112
55 1
106 142
84 15
117 151
73 123
60 138
110 176
25 170
34 76
115 136
94 57
77 145
77 167
152 65
55 18
25 111
180 169
51 63
76 47
46 101
97 32
153 128
104 27
97 154
191 84
0 33
18 24
155 172
77 95
189 124
166 138
172 71
179 129
143 2
173 7
123 4
84 7
124 119
17 7
44 47
52 102
162 45
3 70
60 113
41 7
117 156
0 45
34 29
11 134
98 128
172 15
120 15
97 127
27 195
179 150
185 29
82 165
60 116
93 130
181 26
93 57
64 176
164 113
36 65
189 129
77 199
155 165
157 126
69 166
9 89
144 91
28 56
12 182
39 58
179 59
11 103
161 112
185 82
29 146
52 136
9 149
17 29
198 113
70 129
197 119
153 188
96 142
41 152
39 134
194 160
87 71
83 44
92 160
88 49
154 137
163 95
192 148
157 27
184 47
155 107
82 20
103 174
143 61
5 38
73 107
171 0
53 124
151 131
196 126
85 31
183 106
0 26
53 187
151 47
62 42
192 163
94 84
192 130
185 45
18 175
183 114
183 197
128 16