70 1225 4
22 6
18 43
46 39
8 63
48 3
16 63
19 27
47 3
8 41
58 6
9 52
32 68
42 15
46 37
12 30
1 54
45 60
31 38
16 44
60 50
52 47
16 60
4 62
46 7
42 54
8 64
28 14
27 56
35 33
19 0
21 15
22 61
13 40
59 63
52 29
24 52
18 29
47 15
53 33
57 59
66 15
48 10
21 47
16 20
30 65
39 56
60 6
31 44
67 29
35 7
66 31
45 41
42 2
23 22
48 7
21 4
45 6
29 38
23 17
28 25
41 10
9 39
17 69
59 51
57 31
45 51
17 40
16 34
4 3
58 51
19 68
19 43
46 40
31 0
34 15
23 53
54 40
4 0
63 14
58 14
12 22
16 6
8 18
59 10
28 20
32 18
24 2
12 7
63 65
13 30
58 7
66 63
24 36
23 68
57 64
18 17
13 59
29 43
24 35
66 61
31 49
5 54
4 37
46 1
52 68
16 29
5 33
17 50
58 60
67 15
11 54
26 61
45 42
2 7
27 33
2 61
57 56
21 30
45 43
25 68
8 67
1 2
28 49
24 22
52 60
48 50
31 6
66 64
34 61
5 64
5 36
9 17
9 6
41 15
32 53
30 7
52 4
32 29
13 18
25 55
22 26
2 0
67 56
67 62
9 59
42 0
12 37
9 48
21 48
13 53
66 50
63 56
27 49
30 63
21 51
57 3
8 42
5 49
41 62
42 14
17 14
11 26
41 65
31 36
25 31
8 68
2 65
34 27
8 27
23 34
34 17
13 50
12 62
54 38
9 15
9 49
41 36
35 3
11 6
29 33
22 4
67 33
67 69
22 53
24 61
48 14
4 10
66 17
31 56
5 6
21 49
35 51
57 18
32 37
41 69
52 48
13 54
16 59
9 22
45 62
32 33
1 20
46 55
63 62
66 44
25 49
4 40
55 6
21 69
16 2
4 50
35 36
55 61
52 63
9 66
28 37
21 65
67 0
52 10
45 0
9 63
53 56
32 6
46 59
47 40
1 62
16 4
67 10
17 20
23 47
57 26
32 48
42 36
11 59
24 18
53 14
29 65
18 7
13 14
13 47
35 37
13 41
67 55
32 63
12 27
27 43
57 68
13 49
5 37
46 53
30 62
8 50
22 14
5 68
1 31
66 56
34 26
60 69
25 2
28 48
24 1
8 53
17 62
12 18
12 59
31 14
34 36
39 14
13 22
57 1
18 68
52 7
27 44
46 66
67 64
18 64
4 68
55 14
21 55
26 40
21 67
32 2
28 65
46 56
19 55
31 43
23 56
23 35
28 36
9 25
25 63
2 14
63 40
13 35
41 20
27 6
21 38
66 47
13 55
25 20
45 30
45 36
24 26
13 51
48 44
17 33
22 40
67 40
13 31
28 44
58 49
28 29
9 54
34 55
57 7
9 68
1 48
16 10
52 69
16 42
53 64
16 15
16 52
67 53
67 61
45 22
1 65
31 37
34 31
41 63
18 4
11 41
42 69
58 19
24 14
42 10
28 69
8 15
16 18
59 38
17 51
54 49
57 10
67 7
52 64
48 40
12 10
27 68
8 10
45 29
53 51
34 64
29 37
13 4
18 55
58 4
39 7
19 36
39 33
30 38
13 6
23 41
27 50
23 49
1 56
28 41
16 26
47 69
16 62
52 3
67 17
47 61
22 43
19 4
26 33
48 38
46 20
63 44
46 0
11 27
39 0
41 43
13 15
47 7
32 17
57 54
52 65
5 43
55 3
21 40
30 17
46 54
21 6
24 50
48 33
21 37
17 68
27 69
60 49
25 17
19 54
29 49
55 37
29 62
26 50
5 48
32 60
46 15
12 47
32 5
23 60
54 65
22 44
39 36
48 0
60 44
22 27
41 47
48 64
35 27
29 0
29 14
46 6
17 49
1 10
58 22
39 62
9 69
25 51
19 26
18 51
9 14
24 15
21 42
41 31
48 20
55 56
66 68
57 51
12 52
5 63
25 6
8 38
39 15
30 40
22 50
19 61
28 68
27 65
9 40
21 5
41 2
23 14
28 7
4 33
11 65
9 18
58 10
42 31
63 10
5 26
39 60
23 29
35 49
32 10
63 38
25 4
9 37
60 64
11 34
13 25
59 14
46 65
58 48
1 6
5 3
58 43
24 64
24 66
66 53
12 4
21 29
19 33
60 3
45 49
25 26
46 35
27 40
57 30
57 36
8 39
35 63
25 3
34 29
19 6
2 38
53 43
11 44
32 34
58 55
35 55
41 6
5 60
35 0
30 37
16 68
12 19
23 59
24 4
46 50
18 20
12 25
16 17
35 14
54 36
8 7
25 43
16 43
46 60
53 40
60 68
57 67
29 56
4 44
24 68
45 19
26 10
19 31
8 54
16 37
17 38
63 33
23 55
58 47
1 69
19 17
25 62
30 55
34 53
23 33
23 52
27 20
42 44
22 0
22 68
13 67
30 68
12 5
23 10
42 61
52 33
47 49
4 43
67 44
29 40
45 52
25 37
53 3
57 47
27 3
8 33
28 50
46 4
23 37
21 7
46 38
11 17
32 22
25 14
59 15
46 33
22 17
19 44
31 10
9 5
35 6
5 17
12 41
19 2
57 63
22 3
28 6
39 63
32 69
22 49
55 10
34 48
53 44
28 59
28 0
1 17
58 56
63 20
52 44
28 27
39 53
48 68
31 15
67 3
11 67
34 20
57 33
11 40
24 55
59 61
35 64
42 55
53 69
23 4
1 43
22 65
58 39
18 2
25 27
66 3
4 49
8 65
59 62
63 51
1 33
42 26
11 5
46 61
23 7
24 69
17 36
29 68
8 3
52 20
32 0
4 15
18 69
22 55
25 48
46 44
55 33
19 29
28 52
24 5
57 25
9 38
66 36
58 25
22 38
24 34
12 0
48 49
42 6
58 67
34 2
1 68
55 40
4 6
47 51
13 26
58 3
23 65
18 3
52 2
18 31
47 14
57 4
21 31
8 6
11 47
16 65
24 38
28 30
12 53
24 27
5 2
11 52
45 69
21 66
1 15
23 31
27 62
42 20
23 2
21 39
42 3
52 51
11 14
9 42
30 31
17 61
58 53
19 63
8 22
46 69
5 44
34 68
63 64
25 10
66 55
34 69
21 43
12 54
23 5
25 60
9 67
26 64
24 40
59 6
25 29
48 62
45 54
29 69
39 26
16 22
39 3
58 52
11 3
35 40
54 15
52 14
9 65
13 39
63 6
59 64
16 47
24 49
8 43
28 10
57 5
60 51
9 43
21 25
13 27
25 7
45 31
47 68
42 68
39 65
26 56
47 38
12 49
26 44
47 0
29 3
11 7
26 69
25 38
31 64
24 30
4 20
39 49
39 17
18 36
13 34
11 61
24 39
2 15
34 33
11 53
35 10
59 43
17 44
28 35
23 6
18 15
22 60
39 6
13 0
16 1
13 48
59 26
34 44
52 26
66 49
11 30
35 2
16 36
30 69
21 19
22 10
13 20
66 62
12 6
16 7
12 20
59 69
31 65
54 14
12 68
35 44
47 6
18 62
58 50
9 7
13 42
22 47
35 38
8 4
1 26
11 42
45 55
66 29
24 29
17 7
60 38
47 44
13 63
45 61
35 50
59 68
39 48
8 44
52 49
5 61
32 7
31 62
67 6
5 38
24 43
9 62
16 31
19 7
24 33
45 38
58 18
16 40
28 42
53 65
47 10
52 53
30 0
39 55
53 37
42 40
59 27
32 64
48 6
23 43
8 34
30 44
32 61
13 61
18 56
35 47
34 0
57 53
12 38
53 6
67 14
28 53
35 29
13 29
28 47
57 52
32 40
28 17
21 59
11 15
8 31
11 33
12 33
21 56
55 43
12 40
63 61
34 63
41 49
21 52
66 48
54 3
42 64
16 51
9 3
45 33
52 36
23 1
30 50
59 50
58 62
26 0
1 38
45 1
16 3
8 59
55 64
12 48
12 50
2 62
60 7
13 3
29 50
48 43
58 0
58 69
53 36
18 54
18 60
21 60
13 10
45 40
11 20
30 43
58 61
60 62
41 17
58 1
34 51
24 7
26 62
19 20
34 7
23 44
54 62
31 68
66 14
59 65
13 66
28 55
21 14
11 36
59 48
59 0
5 69
48 61
8 37
25 61
29 36
57 62
66 7
34 56
16 64
58 2
18 0
11 49
8 36
13 37
28 39
60 43
1 14
45 37
23 15
2 44
59 53
55 51
1 3
41 54
21 10
34 62
58 63
8 14
26 36
28 63
28 60
42 50
12 56
66 2
45 4
54 20
55 68
8 30
18 10
63 50
55 36
24 25
21 64
28 56
67 47
28 15
9 1
41 3
32 55
41 33
12 34
16 53
30 3
35 26
58 66
9 33
30 20
1 61
19 65
59 2
35 43
24 37
8 61
2 10
58 17
58 68
17 0
46 2
53 49
19 37
2 49
60 36
58 37
29 44
28 22
57 65
41 61
34 60
8 69
59 55
16 48
23 18
19 69
26 38
53 62
5 4
9 47
45 34
67 26
13 1
39 37
1 29
46 48
54 50
59 56
2 20
17 10
13 65
41 48
39 31
24 20
24 19
39 61
16 54
52 56
16 19
35 48
67 36
28 67
41 56
13 17
1 60
35 4
39 47
21 50
41 55
57 66
2 37
8 62
39 27
23 39
39 2
55 20
46 51
29 15
34 10
9 31
2 64
8 66
54 10
46 47
66 4
57 44
42 65
27 38
21 3
58 59
30 48
42 53
13 52
16 27
16 38
19 47
29 10
27 61
32 54
2 36
55 62
30 29
46 43
8 0
19 40
12 29
48 69
52 17
8 19
57 15
28 40
32 39
16 25
24 51
57 2
23 50
25 54
35 17
52 6
55 15
32 27
47 64
19 50
24 53
57 60
25 40
16 0
21 61
5 55
39 64
67 50
42 63
45 68
54 37
53 15
5 14
30 2
32 66
58 41
1 0
55 38
12 3
9 4
21 17
11 51
8 5
32 30
41 68
42 43
67 37
23 69
28 19
2 3
28 62
55 7
66 40
30 64
8 25
22 2
66 60
41 53
29 61
26 20
39 68
53 61
9 41
18 14
11 63
45 39
8 56
31 69
28 34
67 60
1 55
67 2
34 37
4 69
4 56
57 27
46 63
8 20
57 55
42 62
16 33
46 29
53 68
25 33
22 37
21 68
54 56
39 10
39 38
45 66
30 47
58 30
67 51
21 41
23 61
28 33
27 51
32 31
41 40
21 63
12 39
19 15
12 31
9 29
31 51
57 49
45 27
11 39
46 19
32 38
2 40
18 47
24 6
30 10
55 49
28 51
46 30
11 64
31 3
1 63
42 38
53 7
41 26
59 33
30 33
57 20
8 35
57 38
11 68
4 61
45 20
12 64
24 3
34 4
52 37
39 20
8 40
9 34
26 68
52 0
17 65
22 63
26 6
46 52
13 60
45 65
21 36
59 40
9 27
47 20
46 67
54 44
48 36
57 43
24 44
47 65
32 20