150 5625 4
64 124
128 64
64 61
27 20
125 57
58 36
112 24
16 25
116 89
93 40
79 83
141 26
148 4
116 35
119 39
36 132
32 18
73 98
10 25
97 57
26 36
27 120
38 81
144 18
107 22
122 75
141 39
137 8
127 129
11 57
80 37
27 90
142 35
81 48
58 25
50 4
6 142
68 39
116 49
27 95
6 145
70 85
144 108
79 22
10 133
41 117
110 124
125 133
30 60
19 71
47 36
115 135
30 87
139 12
146 123
97 73
107 61
64 113
53 119
30 73
143 118
77 61
16 46
68 139
125 31
91 94
109 85
90 130
19 98
91 8
72 3
136 126
53 1
16 119
90 28
128 8
16 126
69 59
91 146
21 82
146 11
107 43
15 133
137 140
121 101
144 20
84 120
145 85
142 149
10 50
102 73
69 110
45 61
68 123
92 40
80 146
16 115
81 124
68 37
59 28
91 58
119 126
112 81
52 148
147 132
26 122
21 42
38 7
50 129
86 7
19 111
147 3
112 42
34 43
47 103
107 37
104 126
92 57
9 148
128 48
10 20
86 29
106 76
65 121
41 76
59 4
78 125
59 138
143 79
137 60
107 28
44 130
64 100
79 28
87 3
96 28
127 2
95 49
105 82
5 100
127 17
118 51
123 49
72 133
146 120
95 122
143 136
6 119
16 137
142 56
96 62
145 8
82 129
29 48
30 126
46 82
9 88
92 29
86 43
21 124
107 139
52 117
46 13
79 117
7 35
10 146
116 4
99 15
77 29
95 42
63 100
30 61
112 55
10 81
144 46
14 41
125 25
5 96
44 59
72 149
142 49
10 75
44 36
106 36
6 64
86 67
112 98
134 93
21 139
14 50
105 121
78 40
52 23
95 11
115 149
5 51
128 101
136 43
21 59
54 25
32 46
84 42
91 25
87 61
84 66
114 8
40 57
73 149
134 130
103 136
92 119
114 66
19 35
9 22
105 94
106 4
115 61
137 138
141 145
68 131
27 139
41 43
65 12
67 140
19 149
146 1
125 129
53 17
80 75
90 123
72 120
78 104
144 70
128 132
14 57
116 61
127 62
70 24
10 117
53 129
105 4
136 149
82 57
72 73
99 1
86 53
52 39
106 50
128 87
69 43
5 0
90 122
96 75
111 51
54 135
103 66
94 8
36 43
144 140
40 8
26 94
6 38
69 33
21 17
1 39
6 41
91 9
116 1
72 82
143 139
19 81
84 93
40 108
146 73
27 142
19 122
134 67
40 17
36 124
136 0
92 82
71 56
93 51
10 71
100 98
105 117
44 56
19 13
122 117
66 117
128 40
20 57
5 122
84 60
130 18
99 33
10 102
6 81
144 76
128 13
80 82
10 124
52 3
91 62
47 118
99 51
86 57
118 101
13 101
107 104
29 39
23 55
34 73
93 57
38 22
16 133
13 126
5 70
99 7
77 111
30 75
109 29
86 4
68 71
30 34
106 149
90 104
14 108
44 138
78 108
15 48
107 148
53 54
127 9
87 36
109 12
16 101
131 37
5 43
81 51
52 14
59 120
19 48
122 18
91 15
47 101
69 131
45 33
72 9
144 40
74 36
144 116
11 124
52 133
116 28
91 34
142 25
86 100
45 119
78 137
16 58
107 126
72 87
95 149
103 133
127 56
119 0
80 2
99 41
52 130
63 96
99 122
105 75
95 43
78 145
91 66
10 70
30 22
46 149
137 33
137 120
10 12
78 46
3 17
69 75
78 21
97 0
59 140
137 129
5 14
78 122
44 11
32 120
5 23
78 17
144 29
90 98
72 51
141 131
109 117
109 82
71 138
10 23
121 148
40 75
30 23
47 106
68 82
15 50
127 40
45 60
67 39
27 94
78 31
16 121
113 83
58 48
69 2
148 89
79 115
128 23
65 125
64 17
80 31
114 4
145 83
87 81
47 124
139 24
103 111
27 61
109 64
116 12
68 24
19 64
114 73
5 49
79 20
121 0
144 83
15 66
7 0
9 100
54 17
22 49
45 130
16 90
80 49
71 130
44 83
87 49
144 113
50 37
29 76
148 39
74 60
15 41
10 103
10 1
100 0
95 135
9 56
59 132
19 87
139 51
93 3
80 0
127 50
144 111
148 120
68 54
10 24
64 57
81 140
87 42
69 137
30 0
67 88
141 13
144 75
47 3
27 48
30 89
97 121
40 0
99 147
115 33
52 98
92 48
139 25
19 118
40 149
52 56
58 17
65 63
80 48
44 41
88 62
10 111
103 85
96 25
131 12
11 48
5 104
97 139
92 60
143 129
46 85
44 66
10 126
69 7
113 51
95 55
67 117
47 100
26 98
46 140
80 98
5 114
137 76
121 75
80 44
54 8
116 41
123 33
116 25
15 101
65 25
78 140
44 28
112 33
22 101
65 139
92 129
45 83
111 83
119 2
32 34
79 81
16 95
13 124
121 113
125 43
106 81
110 43
97 131
116 33
78 36
60 8
88 8
71 48
72 118
114 132
145 136
53 111
19 138
38 4
34 54
121 83
74 123
59 18
94 18
105 71
131 73
69 124
87 66
38 70
105 90
58 126
34 12
97 21
92 70
29 140
119 89
131 59
15 35
69 89
130 98
145 132
99 81
27 59
79 108
36 89
112 115
16 77
36 129
139 56
122 25
127 107
92 123
111 48
59 101
97 11
122 57
93 94
90 11
86 3
55 18
70 2
58 62
115 76
86 149
136 62
68 38
86 9
19 89
107 120
64 40
34 111
77 0
32 1
46 0
105 59
131 98
9 12
32 49
91 35
141 98
109 2
145 35
45 17
144 66
26 51
131 42
11 149
77 123
121 54
77 139
144 1
47 75
104 25
94 76
74 28
122 129
144 15
92 88
27 121
38 124
34 148
145 12
23 108
105 12
146 56
102 2
20 37
107 40
29 135
74 17
54 43
88 31
23 2
141 79
34 81
145 37
92 18
92 133
119 33
5 92
99 133
88 120
144 129
5 108
10 88
6 149
66 51
127 22
30 98
14 135
86 110
53 94
103 41
93 135
29 0
121 135
72 34
47 51
72 110
99 75
112 83
88 135
72 55
32 123
55 108
10 57
41 98
64 50
5 45
123 25
77 100
63 113
144 96
84 103
19 145
60 24
19 103
67 98
19 18
134 13
84 145
92 56
68 118
34 130
137 4
139 140
54 2
11 28
15 51
45 139
105 129
7 135
19 23
93 124
29 98
110 29
130 49
5 35
47 126
53 123
127 1
58 148
97 67
127 70
142 2
20 0
148 126
145 120
102 148
147 124
147 94
32 106
22 18
68 88
133 101
110 59
141 25
128 28
38 33
63 76
19 116
5 38
80 90
69 29
47 130
27 40
68 142
116 13
78 98
44 115
136 39
143 92
143 54
136 2
102 11
146 130
113 75
52 7
107 133
134 137
87 43
127 103
21 48
58 22
27 132
78 13
139 48
45 111
79 133
77 73
64 8
107 62
10 148
90 73
103 120
21 138
94 62
122 35
145 40
59 48
141 93
1 24
84 107
104 62
45 1
38 43
90 61
64 18
116 140
79 96
34 66
67 61
105 18
118 56
19 66
78 70
144 126
87 12
121 104
34 62
26 130
137 55
22 140
10 53
30 44
77 119
96 42
53 11
94 85
27 88
11 17
103 76
34 20
88 98
32 118
6 57
68 124
109 104
58 20
133 0
3 101
123 17
47 115
97 112
6 24
36 28
116 40
6 26
69 95
7 85
125 49
92 50
143 39
46 59
95 115
30 71
74 96
118 50
87 85
15 11
127 125
5 149
142 117
46 111
30 18
99 14
72 125
64 33
5 1
73 42
7 51
15 24
142 108
69 149
103 22
119 132
41 83
137 29
36 83
30 116
19 106
13 18
21 57
79 139
23 88
109 61
107 66
14 22
65 133
122 51
93 24
121 4
92 51
50 135
11 138
65 135
6 45
30 17
131 3
133 28
69 136
16 15
68 61
60 61
16 136
14 28
146 37
105 112
131 33
144 125
95 148
107 85
84 113
102 39
58 37
127 7
5 106
95 24
10 41
125 89
16 83
77 37
136 33
54 62
97 118
44 22
109 24
41 8
27 148
116 101
111 149
20 149
112 119
109 54
16 103
10 18
90 37
29 120
74 88
30 1
11 49
107 29
32 111
107 3
146 89
74 40
79 142
84 61
115 132
78 45
9 20
6 13
84 58
74 133
44 4
6 93
78 119
99 119
38 60
67 132
81 33
22 62
81 138
38 83
7 31
38 3
141 36
137 22
80 96
16 40
6 88
78 33
114 20
105 33
147 129
103 57
63 62
19 148
14 4
66 56
137 54
142 135
114 138
32 24
103 43
146 22
78 60
79 66
86 102
93 28
3 39
86 133
79 76
82 117
107 96
27 77
65 132
96 149
99 8
79 149
44 81
91 126
94 83
15 2
114 28
91 102
109 37
78 120
127 55
3 31
110 42
47 73
59 57
145 49
90 117
64 55
92 17
86 79
81 117
27 41
134 12
78 42
86 121
16 75
95 13
95 66
71 133
102 115
40 12
145 2
47 139
47 93
103 4
143 131
1 149
86 146
139 129
127 63
95 7
119 12
121 50
78 75
116 135
74 104
15 54
114 50
58 94
26 138
93 129
139 76
54 51
110 108
125 8
107 89
99 106
27 111
6 113
22 8
143 67
97 81
144 28
80 112
127 36
54 35
65 88
103 28
45 11
92 115
93 37
3 4
118 59
71 148
74 35
147 142
19 24
38 20
143 112
112 60
105 40
118 25
128 20
72 117
91 42
36 48
78 58
112 88
148 85
68 35
32 25
109 88
84 73
72 113
6 89
146 18
94 37
44 100
63 42
41 18
71 129
9 37
58 140
96 43
46 98
58 8
52 113
30 106
92 135
143 142
14 123
19 12
78 133
3 8
63 73
147 29
46 55
143 149
145 0
20 108
1 108
70 8
60 120
127 34
100 75
91 1
74 12
47 2
78 37
16 26
128 94
86 21
27 79
91 137
77 75
80 88
14 149
130 8
52 71
134 102
102 94
121 140
15 142
130 129
112 51
20 140
78 67
30 122
86 8
30 43
143 45
73 62
45 28
26 88
38 37
127 117
80 94
16 118
141 82
114 39
128 17
92 20
102 57
90 83
45 50
15 43
46 36
14 39
47 64
84 77
142 140
13 43
3 12
118 3
127 110
69 13
134 34
21 98
100 2
52 8
97 136
38 111
41 25
29 62
6 125
16 42
99 123
137 89
131 133
66 43
84 83
60 0
71 57
19 104
105 50
69 107
99 49
14 33
58 35
80 21
99 140
16 147
97 102
144 3
84 115
7 76
141 75
134 8
95 100
139 98
92 37
118 60
109 7
143 23
116 43
118 33
23 43
72 146
23 70
69 126
69 21
10 107
7 33
6 20
77 18
99 90
139 117
14 94
102 40
99 17
63 50
21 37
112 76
111 28
74 124
78 55
127 31
65 50
68 20
112 36
133 140
21 13
131 36
106 129
30 56
105 140
125 85
105 115
44 104
118 29
105 73
102 122
38 42
1 12
125 113
139 28
116 117
5 24
19 15
10 40
13 89
45 101
81 4
121 108
93 115
5 102
134 44
94 138
74 59
114 49
146 13
109 18
147 136
27 82
93 126
130 0
74 25
121 59
141 138
63 104
91 112
26 22
102 29
147 31
72 115
36 101
30 29
122 48
68 49
110 81
52 44
96 2
92 62
20 117
122 0
131 70
27 28
63 7
107 35
104 49
128 90
46 132
59 49
27 129
65 124
10 113
92 11
7 98
21 135
38 24
32 100
32 96
74 49
84 146
27 25
53 148
143 29
84 121
86 81
26 126
52 13
69 113
148 62
6 126
127 112
9 62
19 125
64 29
67 37
111 120
63 57
146 108
1 18
95 142
20 75
118 133
131 83
91 131
40 98
30 28
60 129
65 145
55 129
78 149
143 62
91 54
30 7
66 37
96 35
13 98
10 121
1 132
47 39
71 28
55 83
125 96
72 58
10 89
74 54
116 55
55 2
69 96
97 116
64 132
32 20
80 41
65 122
82 37
63 142
10 51
102 130
105 34
3 48
10 63
91 75
80 62
95 88
65 131
84 117
47 137
92 85
55 51
10 94
91 56
65 1
116 18
125 62
67 55
41 75
84 46
52 114
134 74
47 112
97 96
30 42
97 63
84 137
6 131
116 133
53 29
10 108
40 83
14 11
93 100
68 81
145 61
59 43
68 108
67 28
45 132
112 3
3 98
92 54
58 2
64 140
122 4
141 61
91 85
122 8
97 87
78 135
47 142
86 107
34 82
103 126
5 147
65 7
95 81
74 11
91 48
128 122
110 3
100 25
86 49
68 1
10 137
32 4
147 130
65 15
52 18
77 88
84 125
32 36
113 8
15 57
20 35
86 101
112 120
90 96
47 41
69 0
125 0
82 89
143 66
30 147
92 24
10 62
53 101
45 18
79 124
23 66
128 117
72 15
6 118
103 88
63 56
81 35
93 2
134 142
88 108
63 37
65 93
29 25
146 135
3 126
110 66
130 12
7 140
84 102
91 107
91 11
69 9
30 131
38 96
143 71
128 66
99 131
114 29
58 81
109 116
67 50
145 4
32 148
119 101
68 102
30 148
91 7
47 55
30 33
26 120
36 42
52 24
131 22
102 20
65 34
141 59
134 103
142 43
86 39
102 54
27 147
95 48
86 26
7 117
93 18
137 66
30 21
111 49
78 64
34 29
68 26
63 41
139 33
125 70
9 13
44 13
21 142
65 118
144 89
23 28
143 95
21 24
137 100
20 98
123 108
3 35
13 149
110 25
90 3
136 56
36 37
93 48
22 48
67 126
27 26
72 54
127 111
144 59
141 56
36 61
34 61
82 42
143 90
1 120
19 21
111 135
146 43
136 120
3 33
78 115
80 25
20 8
60 2
47 28
68 92
70 124
53 3
6 23
15 81
79 24
45 96
67 35
143 126
41 140
30 104
27 87
137 31
3 51
92 94
141 24
58 130
136 140
118 111
21 22
21 126
41 85
127 3
14 126
9 0
145 108
130 43
27 85
71 81
30 79
38 56
134 126
109 131
93 73
6 0
47 59
6 54
127 98
77 49
68 43
128 146
91 139
134 20
95 83
84 126
54 149
63 98
91 96
100 43
105 49
84 3
144 92
27 2
99 11
119 129
6 111
96 101
118 40
92 136
93 132
14 12
80 83
107 4
144 130
14 49
146 126
125 12
110 48
60 108
114 62
21 61
143 12
5 82
121 56
103 8
19 43
115 140
21 136
45 55
90 35
143 26
16 33
64 56
99 57
72 4
91 37
69 103
110 62
58 117
93 35
1 62
27 145
45 133
96 120
99 4
97 93
77 60
145 60
16 41
87 51
119 56
118 132
77 43
5 118
82 140
99 85
145 142
109 87
91 148
10 139
82 76
109 101
40 37
106 56
41 56
9 75
91 120
110 142
131 51
125 115
66 140
68 115
121 149
72 24
47 8
145 33
125 140
103 115
87 89
118 85
65 149
58 104
50 2
147 149
97 137
118 48
119 61
9 73
144 98
14 119
99 21
125 100
58 49
106 96
88 89
58 113
32 139
88 24
128 121
103 89
67 41
86 93
27 50
47 56
131 96
3 0
99 37
68 0
144 38
97 48
107 142
134 37
105 22
116 142
80 106
30 55
116 29
77 126
116 82
112 73
123 76
123 62
65 48
86 15
115 31
145 73
100 4
94 0
78 83
94 124
69 36
74 73
30 129
87 62
96 33
79 31
103 2
143 119
5 131
110 39
137 104
70 138
128 50
3 149
19 25
26 8
128 85
97 12
134 26
30 117
46 28
30 120
71 18
32 124
125 66
47 54
74 1
104 56
105 107
68 121
63 17
123 117
112 130
6 66
73 138
52 35
94 31
111 57
86 106
19 101
9 81
79 62
112 56
97 23
66 12
69 145
15 88
105 83
131 4
11 39
125 135
125 35
5 67
143 81
86 50
110 73
143 25
16 71
44 20
15 123
60 42
127 73
72 102
99 115
13 85
30 93
147 113
143 42
107 42
131 135
113 62
6 71
23 138
10 67
68 22
134 133
19 117
127 116
122 24
103 101
92 149
86 96
59 62
106 122
64 49
112 4
30 53
96 56
53 48
34 13
144 115
47 113
141 20
114 124
16 59
21 35
26 28
136 42
5 76
147 55
64 28
103 17
45 20
79 82
137 126
109 58
69 133
114 37
114 115
26 96
44 82
93 56
118 130
64 136
47 9
40 18
79 70
145 148
143 11
93 12
66 129
109 60
92 126
52 22
41 39
52 90
122 124
137 83
34 18
147 36
67 11
67 135
112 31
99 107
13 28
77 33
94 4
80 20
103 0
131 89
141 11
69 42
70 120
130 56
114 55
67 115
34 3
15 83
87 129
71 42
102 37
105 0
112 124
87 73
130 62
16 107
26 115
5 54
125 88
113 2
67 122
142 62
72 36
91 26
53 126
78 116
114 1
134 7
69 51
30 121
67 2
45 104
52 25
64 98
30 35
141 140
74 8
1 61
19 49
128 92
44 76
86 11
47 94
148 108
105 116
116 22
15 3
116 11
112 75
84 40
77 22
94 43
70 62
127 0
1 117
32 23
137 3
84 38
58 11
147 76
106 24
145 130
125 111
30 135
121 8
121 31
146 24
65 8
10 61
30 95
78 85
46 61
65 107
15 139
65 76
30 124
90 2
44 142
86 58
29 132
34 11
16 117
88 149
67 123
52 4
80 43
131 57
23 82
19 42
88 61
105 45
116 111
16 64
55 8
94 25
40 25
105 37
110 13
46 133
127 39
116 20
137 148
15 25
84 1
65 28
91 93
67 29
111 75
34 50
10 87
118 35
65 14
26 123
112 126
70 101
92 2
103 42
106 31
60 48
91 103
87 104
100 117
107 50
96 39
50 24
80 7
134 83
30 142
67 17
137 49
5 115
20 56
23 12
26 61
27 74
114 36
80 60
143 55
67 85
121 49
128 45
16 22
7 61
100 129
71 88
105 96
107 132
105 15
102 4
125 1
95 132
21 132
52 131
94 12
29 129
72 18
97 71
80 119
69 132
141 96
144 14
99 3
127 92
6 115
110 54
67 59
146 104
44 29
63 81
50 124
97 25
47 87
26 0
80 114
94 61
107 41
47 88
44 62
97 59
46 24
122 89
146 48
44 43
96 57
111 42
74 66
137 85
65 4
114 51
74 70
84 12
77 138
10 26
52 108
1 0
66 75
47 136
133 42
27 122
95 56
143 93
26 55
6 123
26 29
109 67
34 1
99 111
144 51
131 40
86 130
66 25
21 96
145 41
38 133
105 26
90 76
86 13
134 57
109 79
9 96
46 104
84 81
65 82
40 49
128 21
45 122
143 64
82 18
27 60
109 113
64 149
121 142
144 13
144 88
81 89
112 43
147 59
63 20
134 101
106 33
72 37
47 48
86 31
80 138
80 136
115 89
69 44
87 100
86 35
65 79
110 119
74 57
69 35
87 140
58 31
5 64
52 59
74 136
147 98
52 20
38 13
146 136
109 31
53 61
23 17
59 76
79 11
71 94
142 0
46 138
32 31
114 43
59 51
91 119
105 146
26 7
20 17
84 55
100 83
38 12
47 21
107 7
68 51
44 18
93 98
91 129
14 61
46 66
144 114
113 132
74 31
148 43
127 71
79 4
74 24
67 20
63 130
105 2
32 39
131 111
72 114
88 43
127 102
14 56
45 56
7 120
53 75
65 36
27 67
125 123
16 37
102 51
121 24
91 18
128 36
109 13
15 4
143 9
143 82
46 8
69 66
78 74
105 93
139 85
70 75
14 130
103 94
3 49
106 7
11 140
139 124
55 49
91 147
110 122
26 73
127 74
68 107
69 85
97 41
81 108
99 121
104 117
32 66
99 60
52 120
128 142
141 45
90 81
90 18
63 101
36 51
63 29
63 60
45 75
34 132
44 42
71 83
14 89
52 142
40 132
137 75
5 116
99 58
90 36
65 49
67 62
74 51
112 22
82 31
121 136
112 89
116 88
45 48
121 40
69 23
72 129
99 125
30 51
122 49
99 126
109 20
65 74
97 145
100 37
67 31
148 18
30 54
115 48
71 61
100 48
136 75
107 57
104 61
64 13
131 20
119 124
92 100
134 29
88 85
114 140
121 133
54 138
47 18
90 24
68 14
5 121
65 90
87 29
55 135
46 25
139 57
107 48
16 57
102 76
128 108
148 129
41 37
130 2
74 126
109 33
72 1
105 133
77 81
47 125
66 83
112 62
15 39
105 14
148 42
16 39
116 85
102 7
141 2
93 62
68 83
87 8
144 2
72 63
103 124
40 31
70 4
97 123
137 1
134 4
70 31
136 4
38 29
119 31
80 57
88 140
110 132
128 24
19 20
19 119
80 104
27 37
144 123
106 115
67 25
27 14
77 12
40 124
52 45
71 149
44 75
91 90
128 73
47 34
70 108
121 2
142 129
53 76
19 70
90 148
52 100
115 24
91 23
119 83
121 117
111 18
99 71
114 7
141 116
72 88
143 110
134 125
95 40
109 92
9 98
78 90
128 9
112 148
21 94
143 48
34 39
91 45
9 123
32 122
45 136
102 100
143 124
105 62
53 113
41 42
111 37
147 50
9 57
66 17
91 14
26 40
114 3
79 7
95 28
114 22
96 83
118 149
137 62
30 70
6 11
7 4
107 59
139 120
79 138
46 117
109 39
19 0
105 95
116 70
16 129
41 124
113 108
148 2
10 7
21 56
142 120
95 111
74 100
60 39
113 28
38 140
97 37
86 46
125 51
65 98
44 57
78 4
10 39
81 149
105 54
116 108
60 132
26 117
109 110
58 51
9 59
141 124
46 4
118 42
16 24
106 82
84 37
133 51
107 149
53 55
141 12
72 8
64 129
114 59
32 113
63 123
5 53
106 133
59 117
106 35
134 62
40 35
34 41
92 89
13 42
146 82
86 114
32 115
65 18
78 23
112 100
90 50
134 2
139 62
145 17
21 85
6 31
6 40
66 85
26 133
115 17
95 29
146 100
72 67
127 121
123 57
29 85
118 94
105 137
148 124
73 135
113 85
143 44
50 126
141 132
53 36
9 43
46 94
16 12
94 126
106 1
118 18
64 123
74 76
77 7
16 61
94 49
16 34
44 132
137 124
144 102
45 138
136 61
67 7
1 51
68 59
91 133
27 146
69 8
5 4
21 7
32 67
16 29
77 3
143 120
141 94
133 75
63 135
99 25
27 22
68 76
118 66
19 37
142 61
65 130
109 43
13 138
118 20
93 101
1 56
109 142
90 56
34 98
69 102
93 0
65 147
11 98
134 42
52 118
10 74
97 39
14 133
9 50
95 108
44 96
58 83
21 123
86 119
128 35
93 41
121 35
23 29
118 13
6 29
136 8
30 63
111 8
38 76
19 77
93 60
58 56
78 1
16 131
72 108
118 11
70 51
128 129
30 36
97 90
112 132
1 31
44 135
64 94
116 104
50 8
137 101
40 48
137 35
103 36
11 37
136 135
128 114
123 61
72 126
134 107
58 75
5 36
109 129
145 36
30 110
68 56
95 1
80 132
9 124
141 41
110 24
68 89
134 73
52 124
141 81
71 11
88 42
127 59
110 8
23 119
44 85
14 83
143 56
139 61
23 148
19 92
58 70
19 46
22 83
6 63
80 59
127 23
106 55
141 107
107 136
91 92
146 36
130 149
86 85
50 75
34 88
23 3
11 89
69 22
91 12
91 57
88 129
112 35
109 17
127 54
145 66
141 53
106 40
22 126
146 41
127 25
106 75
80 56
143 106
116 2
41 138
96 8
100 61
113 117
34 48
146 140
104 17
16 148
100 149
53 4
131 81
67 124
93 113
114 12
103 130
30 40
19 31
96 135
118 88
97 18
69 48
26 142
6 116
58 135
146 49
47 33
15 42
103 12
77 25
16 111
148 48
128 51
23 73
27 115
114 0
86 77
97 28
80 28
32 12
92 39
97 54
99 102
58 142
91 104
127 120
32 130
93 54
105 74
21 25
84 70
102 66
137 57
16 60
63 31
97 135
73 0
143 100
90 149
144 122
109 96
79 0
146 33
123 39
27 140
36 126
147 4
44 40
133 31
60 57
99 42
32 79
118 28
94 42
6 22
125 81
99 100
80 24
136 124
87 142
69 62
79 98
139 49
6 3
127 58
82 12
99 13
10 136
66 101
29 138
103 122
19 33
77 132
137 50
27 46
26 2
105 42
146 149
82 120
32 64
27 12
121 22
6 122
116 66
110 136
26 59
144 22
87 111
23 83
139 132
115 8
134 149
136 98
143 37
78 76
54 18
86 25
94 117
15 108
90 100
136 49
34 76
99 104
87 11
59 37
125 61
92 36
22 135
88 48
7 28
66 31
110 50
27 9
86 61
119 140
38 100
16 130
93 108
106 119
78 28
125 124
97 3
102 35
77 59
22 28
77 36
14 75
1 25
131 48
72 0
50 61
38 36
78 94
105 120
146 88
97 77
133 149
55 62
3 135
74 18
107 73
52 36
63 133
30 140
38 57
64 122
10 42
78 111
109 40
78 118
71 35
7 126
6 36
63 24
87 13
105 20
30 114
146 28
99 67
121 43
6 146
116 83
87 123
119 117
5 85
36 0
130 83
3 25
86 45
27 36
121 123
107 31
102 129
10 58
109 120
38 54
114 35
99 113
44 0
81 62
125 36
103 75
34 142
141 23
109 119
23 48
144 45
3 120
60 85
81 37
22 75
58 61
90 115
86 129
46 54
147 54
139 83
65 24
32 140
66 2
20 51
44 35
131 139
121 76
5 26
111 124
102 104
69 123
131 49
109 135
32 11
142 75
59 12
21 140
141 50
88 4
65 95
105 61
128 125
72 89
79 35
127 126
91 4
38 17
141 34
74 37
106 49
114 17
146 29
134 132
137 41
45 4
65 119
11 25
84 11
88 126
127 42
67 24
70 39
114 119
111 61
91 61
72 64
128 149
47 107
128 58
78 53
47 42
128 18
82 4
80 51
84 75
23 120
5 50
44 3
53 20
72 50
144 55
10 138
38 85
136 18
139 31
40 28
53 83
111 2
21 83
32 132
97 46
131 55
68 136
147 40
1 42
81 8
148 24
10 31
109 15
52 96
64 111
52 146
97 49
70 49
55 43
97 53
79 49
30 108
145 42
145 124
99 108
44 113
77 76
111 101
99 129
121 36
10 73
99 31
1 126
10 8
78 124
47 25
1 101
71 13
19 67
123 31
112 1
65 112
70 98
79 57
139 89
72 20
5 62
34 120
134 87
116 148
84 101
5 112
134 17
87 148
134 38
143 98
59 89
19 146
143 7
91 115
114 142
53 104
100 8
91 33
141 7
144 64
128 42
109 14
63 43
147 119
87 139
5 129
6 120
19 53
79 101
128 89
97 120
123 89
134 122
58 76
68 111
58 89
10 110
71 41
45 12
145 43
92 140
26 135
131 62
5 94
91 3
109 106
22 51
141 73
19 44
143 46
103 59
7 138
6 48
74 56
102 13
45 89
133 35
125 2
71 29
14 66
125 120
74 148
127 24
55 0
66 135
148 0
65 111
67 75
91 55
141 71
99 79
32 21
6 106
141 103
78 15
13 120
106 29
86 120
78 56
50 0
121 28
10 17
19 90
74 135
47 40
99 66
141 46
50 140
88 75
16 92
88 56
104 76
78 110
105 24
113 0
68 132
13 17
32 53
143 31
104 43
69 140
86 28
5 120
128 63
54 39
110 104
116 75
16 116
67 130
32 14
68 15
112 57
65 31
131 132
46 126
6 148
65 94
144 9
52 93
97 24
130 124
27 51
19 34
5 34
133 57
142 48
143 104
63 149
111 117
15 13
115 37
7 25
9 54
19 4
13 132
9 4
84 4
21 89
92 55
93 49
14 76
91 36
103 81
20 39
128 60
84 18
100 17
90 62
109 50
52 51
77 17
6 33
112 39
97 75
128 102
143 70
91 24
70 57
15 76
112 40
20 89
21 101
79 100
69 53
30 82
91 87
10 36
141 40
114 120
93 82
26 75
10 79
59 61
19 3
6 77
78 38
134 117
92 42
29 24
32 125
82 39
60 89
72 42
55 17
142 89
123 85
16 17
121 81
102 111
102 3
74 108
97 108
91 121
44 39
128 138
119 42
131 140
72 140
46 48
133 4
125 18
20 135
72 77
65 64
45 82
47 14
46 76
14 73
10 92
52 87
6 2
127 96
146 42
55 39
74 132
134 25
84 20
103 149
9 133
91 74
105 7
1 48
13 25
106 54
7 12
123 132
30 67
107 94
97 66
86 111
64 96
64 41
29 42
112 48
13 51
72 12
90 108
60 138
30 11
47 11
21 70
69 45
94 140
46 12
32 103
119 75
68 87
45 148
144 21
134 15
50 132
113 39
69 114
112 70
15 62
105 53
21 133
134 35
121 17
53 49
134 129
72 112
84 54
105 44
16 135
46 35
5 101
118 89
65 129
32 61
103 51
72 61
131 117
58 96
72 142
105 21
99 148
71 104
16 139
146 148
74 29
125 126
110 138
143 13
131 66
15 56
15 129
123 124
93 33
122 120
128 135
88 2
79 18
113 17
118 2
91 31
134 120
127 26
77 98
64 126
133 135
45 100
6 124
82 132
6 129
67 22
1 49
32 83
41 12
102 12
90 12
45 0
100 31
27 54
14 132
97 40
148 51
72 90
142 39
127 93
11 18
69 81
10 15
109 125
68 103
99 18
26 83
68 11
69 26
5 90
10 122
27 8
134 94
72 103
143 40
7 89
93 117
32 102
106 98
130 37
111 33
60 98
13 62
112 85
103 50
84 148
80 50
119 48
46 31
1 4
110 61
77 85
109 70
64 37
144 136
136 12
91 95
32 147
86 37
100 138
127 77
142 12
113 76
29 56
58 18
134 46
115 126
128 56
65 2
6 112
9 40
95 62
74 61
68 129
99 53
74 20
71 12
81 17
16 63
32 2
14 142
53 85
15 148
97 129
23 75
78 92
34 133
38 28
74 48
102 75
127 61
130 135
52 104
71 140
6 4
122 62
7 39
84 49
67 113
53 57
127 133
16 110
104 35
68 34
68 29
109 136
79 51
141 8
95 41
30 85
146 129
65 21
64 76
11 135
116 57
131 18
105 131
65 20
106 126
45 37
141 44
58 4
14 51
10 45
5 138
30 48
52 103
5 123
95 60
32 73
131 31
40 42
115 108
110 37
125 104
21 148
128 95
110 113
16 149
7 2
109 44
94 132
88 25
38 130
130 33
131 8
125 117
11 4
46 18
46 56
11 35
99 142
23 13
5 132
113 25
134 148
139 101
114 24
82 126
20 62
103 70
95 73
47 49
95 117
144 85
90 42
72 57
16 104
21 36
134 79
123 75
14 8
53 88
118 122
99 55
44 50
97 122
23 100
22 17
144 63
65 137
99 137
105 38
84 149
91 114
27 63
23 139
143 22
128 33
52 26
99 110
143 75
71 50
88 35
30 24
16 94
86 145
72 111
26 37
141 88
90 126
50 76
19 50
123 48
88 124
141 0
128 110
30 4
80 135
78 18
73 117
19 123
16 140
14 48
21 115
143 60
52 107
86 0
90 113
53 42
80 12
32 85
65 126
47 0
116 48
118 8
79 50
137 115
32 59
131 25
111 43
146 70
87 70
112 104
29 101
19 56
96 4
142 138
90 140
52 0
52 50
84 35
115 120
144 135
109 75
68 17
147 70
44 123
13 61
14 25
84 62
47 79
110 129
102 36
111 76
63 140
116 122
115 2
6 7
109 133
30 13
77 8
102 138
114 94
32 35
107 55
44 12
143 117
44 139
14 111
137 37
127 106
90 8
88 76
90 31
67 66
71 98
84 133
16 35
10 49
58 108
112 2
137 20
127 35
19 147
13 49
134 135
70 89
68 31
58 60
90 89
27 0
70 28
45 126
145 70
46 148
21 66
110 82
38 50
134 33
97 94
102 88
97 147
80 139
121 1
104 42
145 139
84 24
134 145
99 138
116 39
73 85
106 94
19 11
32 70
102 85
14 104
80 38
147 62
103 13
144 35
54 126
27 35
72 122
52 132
7 8
47 114
53 82
133 61
139 75
5 124
5 88
127 15
81 18
139 39
32 71
27 102
72 131
71 111
6 74
47 77
86 18
7 24
96 76
97 106
97 149
44 149
95 82
123 43
103 96
34 36
137 7
47 17
53 0
99 26
97 125
10 123
64 75
14 122
69 111
122 83
95 136
26 85
5 33
68 21
32 149
6 75
27 117
141 62
46 50
71 75
131 85
10 56
86 1
97 4
92 139
125 48
141 122
141 112
131 75
32 98
109 25
88 138
65 38
47 58
125 7
67 138
16 93
53 73
87 18
29 8
32 110
9 51
90 4
125 132
45 135
109 89
122 126
102 136
141 14
144 60
122 42
119 43
36 8
84 22
46 81
27 126
97 43
26 33
47 26
92 8
63 2
58 24
118 0
5 71
50 35
78 50
50 31
97 20
107 54
23 59
16 3
5 42
109 49
67 149
122 85
47 15
107 101
45 51
119 98
99 95
69 61
145 98
5 9
105 118
105 66
99 64
125 37
71 139
99 34
116 96
87 24
71 76
109 71
73 35
71 49
65 115
19 126
143 146
30 57
54 85
121 29
16 13
87 40
128 145
30 118
6 132
67 4
10 112
134 21
116 119
128 26
72 66
15 132
99 45
100 57
16 114
21 29
144 106
46 129
73 108
122 135
27 110
143 63
21 31
69 28
106 2
78 34
87 149
93 22
47 120
44 73
13 4
145 62
95 94
63 94
10 13
134 59
80 13
16 106
9 29
74 138
5 31
106 123
116 81
74 98
100 135
122 33
22 31
91 124
105 130
74 33
141 31
6 9
7 62
147 1
10 14
136 28
70 135
136 89
86 112
23 85
130 39
110 100
9 49
104 39
141 33
3 89
5 139
77 140
63 122
90 33
64 42
104 48
127 38
6 79
27 89
30 77
52 57
67 94
80 130
86 23
128 76
65 44
96 85
82 0
63 40
53 89
58 120
128 83
53 59
73 8
66 24
144 107
65 96
112 8
79 13
16 2
10 100
145 39
20 83
109 59
105 132
93 61
114 123
29 117
69 146
67 56
27 1
131 61
102 119
58 57
144 4
137 111
130 28
46 49
112 37
32 75
128 31
70 61
63 85
80 15
106 117
131 54
142 37
66 124
115 35
27 24
15 120
70 43
3 132
97 14
78 25
29 124
145 115
30 15
9 35
54 120
128 112
145 123
103 148
94 135
10 34
109 90
114 76
9 83
47 76
59 126
70 132
50 18
96 108
145 89
46 122
67 81
128 43
44 49
121 60
144 145
90 29
94 35
47 110
123 101
5 74
38 119
143 3
14 55
92 76
134 39
79 48
116 7
109 126
93 130
14 59
69 60
91 46
112 28
144 147
15 138
47 81
38 41
84 50
121 37
111 132
86 135
34 113
80 55
104 8
58 3
20 85
58 123
86 88
141 54
6 60
7 132
71 89
107 83
5 39
21 111
77 130
79 85
67 43
112 82
134 131
142 17
100 18
81 132
131 101
125 29
55 85
131 35
26 17
88 0
84 131
72 39
134 64
90 119
16 9
9 31
5 12
80 39
84 138
72 76
114 104
77 148
144 93
19 110
6 67
86 87
36 2
58 28
63 129
23 149
63 22
16 74
70 117
81 135
15 85
77 108
50 83
7 149
59 135
114 54
137 136
106 13
1 43
110 55
78 107
47 148
86 116
30 76
105 31
131 149
99 116
47 83
55 35
111 24
38 122
107 51
105 23
112 140
99 149
99 2
78 129
9 24
67 18
127 148
78 126
113 101
106 73
69 116
115 4
95 101
110 0
97 34
14 42
52 55
92 0
44 98
65 26
55 98
130 108
128 107
96 0
92 43
100 56
78 9
143 125
145 31
59 33
77 41
134 54
121 126
50 120
91 22
86 115
116 123
84 33
21 113
69 147
63 3
67 139
143 49
53 60
40 135
16 44
1 98
45 73
95 96
63 115
99 23
146 75
143 87
19 129
144 79
26 41
115 42
32 135
64 142
80 81
93 139
106 41
74 0
103 39
142 24
47 111
9 138
96 132
69 93
16 14
15 36
128 12
146 8
127 139
92 111
21 129
26 132
80 95
99 130
23 126
127 114
32 26
81 83
97 22
68 3
103 123
110 36
36 39
87 59
102 17
121 139
95 133
121 41
6 18
38 59
141 133
53 98
128 113
107 129
27 39
14 1
109 130
93 142
69 55
53 138
106 148
45 36
77 149
47 104
131 94
5 87
80 148
127 45
38 135
69 74
127 138
84 88
38 49
112 133
95 22
65 3
30 113
27 107
13 48
87 108
22 39
114 129
79 29
110 2
125 83
86 94
141 42
32 0
147 104
80 79
47 1
65 71
84 82
30 81
97 111
81 39
116 24
114 149
148 135
15 149
67 83
5 126
127 149
74 41
90 135
80 121
34 25
16 62
109 94
125 33
145 119
9 140
32 13
92 25
53 39
97 58
147 66
16 88
54 89
93 39
58 7
22 89
144 24
80 142
99 73
41 61
20 49
110 88
52 48
141 119
123 98
32 17
66 42
32 41
45 3
97 70
52 129
32 138
148 98
9 61
128 67
77 51
16 123
90 54
148 57
96 138
91 82
9 36
73 101
41 149
78 0
16 31
134 146
118 31
128 2
26 136
110 111
86 136
10 11
107 25
96 37
58 42
30 100
87 25
128 98
21 122
147 43
71 119
5 93
84 114
44 129
53 149
112 142
112 139
95 57
134 112
102 70
64 81
5 133
110 41
87 57
106 12
80 123
6 130
6 35
107 122
21 54
97 132
102 120
107 115
52 41
121 82
100 89
34 122
63 18
77 120
77 82
137 123
72 119
125 50
141 77
81 85
27 75
144 33
127 130
9 60
15 61
118 96
80 122
50 62
6 96
23 36
77 13
6 46
32 42
118 136
141 15
52 126
52 53
139 149
141 66
3 43
114 60
60 43
23 129
72 148
88 49
41 51
139 18
10 131
80 115
30 31
10 96
41 48
137 117
84 9
92 98
105 87
127 49
145 18
23 35
45 140
23 40
106 120
115 28
52 75
65 58
64 20
64 11
139 4
69 119
27 108
44 70
107 13
3 129
87 83
64 82
30 64
81 57
68 137
47 90
127 21
80 58
115 98
45 31
47 145
22 37
77 4
136 25
58 59
118 100
54 24
82 28
128 61
144 54
53 115
63 35
78 103
84 45
5 13
74 122
67 96
80 22
109 114
143 147
123 12
47 44
146 138
109 26
47 45
10 149
72 56
26 12
141 129
99 146
91 113
5 55
90 59
91 67
148 49
141 146
141 58
113 49
23 37
69 129
113 43
65 35
109 11
21 119
128 22
99 22
109 83
103 54
142 83
87 22
131 56
26 82
15 20
110 76
79 136
112 20
47 132
15 111
145 22
133 25
144 8
26 13
87 88
78 26
90 48
114 61
87 0
86 125
127 64
130 85
27 119
46 2
121 7
143 51
127 53
55 57
3 18
116 62
67 136
38 39
133 12
6 95
99 103
93 13
19 135
146 62
139 126
67 120
27 57
52 88
68 110
69 104
99 59
127 136
32 116
110 33
41 120
99 54
65 39
19 62
105 77
65 61
21 3
82 43
114 113
23 57
6 147
105 36
144 119
58 41
72 43
10 120
32 76
63 13
74 7
64 101
95 119
127 41
96 48
84 122
91 106
78 12
46 43
111 56
46 33
146 115
95 2
34 55
90 57
116 132
134 53
10 59
92 1
54 49
46 22
67 49
110 70
137 48
3 57
79 54
111 85
118 62
105 25
71 1
63 33
141 126
23 62
10 135
19 36
27 55
105 114
80 42
105 108
68 53
59 31
27 123
46 130
105 13
116 54
127 33
50 85
70 140
5 137
133 39
139 2
114 41
64 83
86 82
21 49
141 139
7 42
9 11
52 40
16 36
27 58
105 3
115 39
6 34
64 135
91 20
66 76
1 17
133 138
23 0
44 2
30 92
13 56
7 48
73 39
131 43
20 132
106 132
97 92
15 135
128 103
36 35
34 22
13 140
107 100
92 7
34 135
10 95
38 126
52 137
107 49
82 108
6 14
65 60
104 132
109 107
6 37
19 133
59 124
53 132
36 25
55 56
80 14
119 37
86 131
106 51
130 57
6 98
105 147
110 7
118 115
137 24
80 100
105 64
6 85
130 35
23 42
131 82
134 147
6 43
52 79
114 139
45 88
106 89
93 76
141 48
32 51
128 77
107 113
106 37
70 48
134 63
92 96
10 4
93 123
69 56
34 0
5 18
99 77
148 101
70 76
113 126
134 55
60 37
80 87
52 77
99 89
144 118
92 132
72 7
19 132
34 37
97 140
67 100
80 3
92 41
71 31
60 18
58 0
5 3
69 71
97 103
116 113
21 18
9 119
63 89
80 92
32 145
118 140
104 98
86 70
105 81
133 18
91 43
104 108
47 133
143 89
125 54
34 8
103 98
90 138
68 50
50 51
84 112
71 22
54 98
65 100
52 111
143 85
137 133
112 94
141 4
107 119
134 11
112 41
84 139
73 31
26 113
67 0
46 108
32 114
20 24
131 11
139 17
38 89
79 36
50 28
60 124
78 101
21 104
27 42
21 11
115 18
92 73
103 140
71 142
5 37
64 0
106 136
64 73
121 89
46 42
91 70
60 75
63 51
91 117
127 118
107 2
81 61
144 62
116 124
36 85
109 124
30 2
82 48
143 132
87 101
86 90
70 25
46 11
68 116
54 57
44 17
106 18
128 57
119 4
143 96
72 74
86 123
107 60
127 94
130 31
78 54
64 133
99 43
22 98
38 1
84 0
34 31
9 82
10 106
38 75
109 102
107 33
144 37
32 133
131 124
30 101
11 129
110 149
16 7
128 49
97 148
109 122
47 121
93 29
6 138
96 98
93 50
128 79
29 18
92 12
50 12
102 1
27 70
63 75
144 74
19 17
81 120
9 55
96 124
6 121
145 59
141 110
74 89
116 60
146 81
102 96
148 12
47 70
45 25
53 136
116 100
41 17
97 146
16 56
143 74
134 115
64 148
30 88
21 73
82 83
106 139
68 93
107 12
65 104
127 145
47 24
19 139
84 25
114 18
15 96
137 94
74 85
110 17
105 149
81 49
79 8
14 31
69 73
3 138
133 126
145 101
134 49
87 130
40 126
130 117
147 28
46 123
134 23
21 28
146 40
30 103
68 130
87 28
106 3
52 76
128 148
65 22
130 120
69 121
53 2
44 48
100 24
71 39
6 76
16 81
95 3
143 138
145 56
53 120
94 98
141 148
127 60
105 126
109 115
87 115
29 89
40 4
112 111
127 140
6 42
34 60
137 11
130 24
94 48
144 39
53 108
115 117
118 1
30 25
23 89
52 102
32 58
107 111
87 75
30 20
54 12
69 40
58 1
97 138
121 73
72 135
84 67
16 125
143 133
106 25
26 62
110 56
1 85
121 33
10 3
148 17
123 138
5 8
9 136
144 95
63 55
112 66
145 25
73 132
23 7
45 108
102 41
3 37
36 4
122 17
38 117
127 37
131 41
21 39
86 124
109 147
9 132
73 140
54 61
45 66
34 129
6 100
22 117
87 7
109 51
115 75
69 34
95 61
80 11
38 18
16 54
80 74
65 59
103 3
47 71
141 125
74 4
6 70
87 135
90 55
58 122
104 31
68 4
68 119
23 33
6 117
123 135
137 0
77 135
112 101
95 51
93 4
15 130
99 62
91 108
23 123
30 133
114 111
53 130
91 40
74 129
127 119
91 118
6 51
118 123
143 77
142 57
36 120
41 135
137 113
146 139
78 62
84 7
133 24
141 28
73 57
102 0
107 135
78 81
38 11
145 140
16 89
19 124
45 13
84 2
5 63
52 63
144 71
91 76
46 119
131 120
60 135
146 83
105 103
127 48
133 49
91 136
104 75
5 66
113 31
36 138
102 133
10 114
32 37
68 133
111 140
116 51
110 60
99 63
110 85
79 37
115 101
23 132
69 41
71 3
113 37
66 28
66 120
91 77
121 66
125 119
123 149
72 121
105 29
147 111
109 0
10 147
27 133
91 49
130 25
92 130
91 116
84 29
44 51
112 49
128 44
116 50
65 41
72 116
134 36
47 122
58 54
97 55
30 107
78 96
118 22
19 54
109 1
147 96
121 124
72 100
74 50
106 111
134 95
55 25
67 76
11 33
60 51
103 7
16 1
47 46
26 54
26 35
112 135
65 140
143 34
147 85
13 35
93 104
106 88
104 2
15 49
80 117
32 3
106 0
139 42
137 81
34 75
137 130
84 44
109 76
146 117
10 104
16 87
52 2
77 28
52 21
145 76
96 12
41 62
127 18
112 96
92 59
88 12
11 132
107 117
5 89
3 28
144 56
73 18
47 50
137 17
20 28
112 117
80 103
148 117
7 18
147 138
5 41
15 7
58 66
72 41
66 18
14 40
21 33
47 4
109 66
147 60
145 81
15 22
36 49
14 70
109 140
78 123
72 138
65 75
110 148
143 113
53 62
19 136
134 14
91 145
27 38
106 57
47 67
6 25
131 0
91 132
69 76
105 123
19 88
134 108
131 17
134 43
127 85
32 142
87 126
105 135
134 50
27 56
22 108
96 129
22 124
7 129
71 73
14 24
144 117
148 76
141 70
71 17
55 28
70 129
97 113
6 39
86 12
82 149
47 35
38 0
47 38
72 70
78 59
38 31
44 101
38 94
68 46
20 42
134 1
134 9
53 37
32 104
133 132
131 7
103 73
3 83
36 33
78 11
65 45
143 18
60 35
70 0
141 101
5 77
45 57
27 15
78 121
10 35
97 31
80 131
137 13
65 62
143 4
32 8
78 29
15 55
102 28
97 33
29 37
78 136
94 51
10 21
93 120
69 70
77 113
9 28
78 66
97 45
90 51
147 42
1 135
144 36
104 138
52 38
119 85
148 31
141 137
13 117
141 35
145 1
27 106
69 87
3 108
9 25
105 101
130 75
21 0
64 43
68 73
44 54
16 112
137 139
134 85
104 37
58 115
86 126
20 76
146 17
72 107
118 119
125 101
106 60
38 2
80 89
90 85
97 115
107 56
22 42
103 31
46 124
80 71
133 129
146 20
52 1
26 76
110 133
106 28
105 139
96 24
103 135
80 1
121 20
86 34
1 140
147 37
105 88
23 50
86 14
99 101
121 119
16 70
112 13
68 148
106 43
121 42
143 33
81 56
125 73
68 45
47 85
143 36
66 33
131 13
88 17
146 142
38 115
64 51
47 43
141 1
87 48
58 85
29 43
134 31
53 70
139 135
86 103
115 124
64 3
22 33
114 126
94 33
116 36
94 120
125 4
16 53
30 119
19 113
111 0
112 0
96 17
118 138
141 90
99 93
44 119
99 82
84 31
22 2
60 25
130 76
146 101
125 11
116 129
69 148
6 28
144 25
46 115
69 31
97 117
99 12
96 117
104 33
27 23
13 33
65 57
119 135
112 136
110 83
78 49
10 48
97 126
115 25
100 12
52 125
106 85
145 24
59 17
130 140
63 4
65 83
127 124
97 110
52 119
45 98
99 88
90 39
90 142
3 24
14 88
121 129
67 36
65 101
144 23
64 108
10 29
93 140
77 57
63 119
87 120
134 58
52 92
16 98
118 135
119 76
63 49
46 60
109 118
73 83
143 17
6 110
68 70
90 41
46 20
34 42
19 55
102 62
29 33
139 138
10 118
13 83
84 119
44 124
91 28
34 126
146 50
95 126
44 88
47 63
122 149
15 17
92 75
121 130
52 135
52 116
105 79
27 53
46 39
34 101
54 76
92 66
136 83
136 132
65 33
95 17
111 108
65 29
134 139
141 18
145 133
109 139
27 101
27 130
11 31
82 51
141 123
84 94
104 140
127 108
99 92
52 85
14 35
127 28
63 59
99 24
55 42
84 28
71 122
81 24
137 135
23 81
26 60
131 130
147 148
71 51
84 147
5 75
121 70
73 48
114 40
77 117
127 82
97 61
144 133
145 11
72 132
127 81
26 89
13 108
19 114
105 104
27 21
41 101
125 148
114 70
144 104
145 29
67 119
90 88
68 104
121 88
116 37
1 138
115 49
128 106
111 138
46 135
104 24
78 24
27 62
44 31
55 117
10 76
74 142
66 4
91 64
67 40
118 113
90 43
65 142
95 50
16 100
19 121
143 108
5 117
32 50
106 62
143 121
91 73
109 121
65 120
84 57
90 124
123 8
144 90
122 28
47 117
109 138
63 126
92 117
125 24
26 20
110 35
36 62
146 3
68 101
103 24
109 148
14 20
114 25
74 130
97 104
9 149
46 75
46 83
13 135
53 22
69 46
5 146
143 137
90 40
27 135
13 12
10 33
102 43
95 4
110 28
115 57
121 132
128 104
73 24
41 108
21 149
16 18
23 135
40 61
1 124
10 83
68 135
6 15
92 104
106 113
144 73
86 41
47 131
58 88
65 123
102 101
16 132
97 89
84 104
147 2
16 38
86 59
59 35
134 118
55 31
63 138
68 120
72 85
27 4
146 12
6 94
66 61
125 28
68 74
7 108
78 89
14 7
90 17
23 20
64 88
118 70
65 108
84 21
41 31
122 12
71 54
68 62
3 117
90 75
60 126
40 89
144 53
84 23
68 114
88 117
114 117
15 104
68 63
136 101
128 130
69 125
77 42
79 33
146 59
114 85
7 37
80 34
7 101
27 131
19 63
32 38
121 94
99 139
69 14
79 140
84 100
10 64
93 85
118 117
128 111
122 132
116 98
68 106
103 62
114 96
87 133
134 110
68 44
97 36
90 133
63 88
46 101
69 54
74 43
80 8
94 28
131 1
99 28
74 82
52 147
147 11
36 75
147 139
45 124
116 17
52 89
55 24
52 139
69 79
144 101
52 34
100 62
109 146
141 87
116 59
79 42
143 145
118 104
103 119
5 98
45 7
6 73
145 54
105 39
87 1
130 51
118 108
128 37
53 43
102 117
5 2
128 11
45 62
5 148
79 94
27 92
52 73
86 108
87 54
22 35
64 115
143 59
127 76
130 132
5 56
80 110
97 38
30 26
15 0
77 115
32 56
26 149
136 85
110 31
147 0
14 60
22 61
106 42
99 135
91 123
47 74
34 83
86 66
27 103
53 140
95 123
127 46
55 33
147 133
19 57
105 55
100 101
127 29
69 138
80 26
16 108
55 138
27 34
90 20
107 81