80 1600 4
29 76
0 66
68 72
44 61
72 73
47 66
51 30
7 69
15 10
63 30
26 17
3 6
36 37
14 9
27 40
20 70
20 54
46 32
39 44
52 19
13 66
60 56
76 16
64 78
20 38
48 26
49 40
0 40
38 45
64 61
61 73
68 61
61 16
49 52
14 54
13 17
27 19
25 11
64 41
28 35
7 19
7 61
48 55
0 76
48 78
76 41
49 11
22 47
35 56
1 55
20 78
14 57
25 62
22 62
75 79
35 65
59 42
70 32
72 19
36 79
44 40
59 52
15 6
20 73
39 10
51 73
29 43
43 9
1 8
10 43
1 11
2 67
0 32
65 41
72 11
52 32
21 55
31 69
60 51
26 34
18 76
49 17
65 11
1 17
26 78
68 76
25 56
0 54
20 50
63 5
38 77
35 53
28 9
35 11
66 73
65 73
22 69
53 62
68 75
13 61
66 67
13 9
15 51
24 74
10 65
4 34
4 64
24 10
0 14
17 67
48 37
35 37
18 32
47 40
60 23
24 37
3 14
64 55
64 43
0 5
36 73
8 32
10 5
35 8
13 73
15 61
49 67
26 72
40 16
66 16
10 78
21 44
8 73
10 11
71 34
27 29
31 26
21 78
51 57
68 65
46 41
63 43
36 30
15 71
59 8
51 41
45 12
28 16
38 55
64 67
0 26
29 19
45 41
1 23
22 53
38 33
31 42
60 73
31 74
60 64
6 30
21 66
1 67
14 16
3 79
13 30
24 50
39 37
39 5
7 73
55 12
78 57
53 33
63 36
28 8
61 32
23 57
70 55
65 62
22 74
10 42
14 42
25 10
70 52
44 34
13 41
24 58
68 54
27 47
22 14
1 44
44 57
64 37
20 43
63 57
1 62
18 56
4 29
0 64
4 67
72 57
48 71
39 72
20 74
44 9
26 76
0 51
25 67
75 42
46 67
15 55
7 16
13 78
6 16
49 78
49 19
24 13
1 7
26 57
3 33
14 32
15 36
4 65
59 78
44 33
0 74
29 57
36 56
49 9
3 75
44 32
20 55
6 51
70 36
6 57
25 72
20 66
22 46
6 36
20 46
65 77
13 37
27 73
43 5
60 36
22 49
63 23
48 54
39 13
45 5
38 34
15 53
0 65
4 8
3 53
2 16
22 45
46 72
24 33
29 23
59 38
1 78
1 64
31 33
58 16
35 17
10 62
59 35
28 73
1 52
10 9
4 62
49 53
48 18
72 5
60 79
21 57
4 33
49 75
14 76
0 79
3 47
71 9
24 2
74 41
39 41
28 66
59 54
15 37
15 41
27 70
51 37
35 73
28 38
22 63
22 29
63 52
21 72
21 43
59 14
6 52
68 77
27 51
3 57
39 19
54 19
45 67
13 54
24 53
15 64
64 69
68 56
45 30
39 17
24 76
0 58
50 37
4 30
1 2
47 37
1 13
25 47
39 56
0 41
49 73
24 52
51 34
15 14
4 41
21 6
3 50
17 41
28 32
2 45
68 57
18 78
14 78
4 16
24 9
54 56
6 37
15 40
31 71
31 54
68 7
66 62
61 42
24 8
10 79
48 5
0 45
49 62
66 11
2 51
31 49
60 33
35 55
45 11
31 51
13 67
47 61
20 13
48 53
48 29
31 41
39 62
35 43
23 56
26 45
29 73
46 5
18 17
28 50
3 77
54 5
21 11
0 77
23 37
13 65
4 6
7 42
15 78
25 18
7 72
68 16
10 34
50 32
26 75
4 56
22 11
39 66
61 34
50 79
20 44
3 66
36 42
2 55
48 35
10 52
70 75
45 34
4 19
0 50
10 75
46 75
39 64
63 41
74 19
48 32
13 12
3 10
63 32
46 77
15 12
6 33
47 42
71 73
38 75
24 11
60 37
28 34
60 32
15 47
60 2
26 32
28 64
3 61
2 37
31 75
14 56
25 52
46 30
53 19
75 11
70 67
22 56
68 73
29 52
28 79
58 62
54 30
65 32
10 51
59 2
0 69
29 9
64 77
22 51
46 79
21 7
15 65
75 16
31 44
44 5
3 13
22 17
28 55
20 41
54 11
43 57
59 79
29 34
31 64
69 42
13 43
64 30
38 66
71 33
63 72
28 30
52 37
2 61
22 34
49 30
59 41
4 75
38 42
38 67
48 50
47 55
27 49
38 9
78 30
59 64
78 56
60 38
49 23
4 61
47 62
39 23
44 69
43 19
6 11
23 77
48 40
31 55
48 57
31 16
63 76
1 12
0 2
58 33
49 54
40 33
7 32
13 23
69 57
7 65
18 67
35 66
29 56
44 30
58 56
3 12
59 10
60 18
3 5
70 79
18 11
31 52
63 77
68 13
39 55
13 74
25 9
13 71
52 16
4 38
6 55
74 5
38 65
8 9
18 16
28 12
1 45
50 34
60 40
24 7
2 75
60 7
29 12
70 56
3 30
7 78
1 57
68 79
18 53
17 32
48 69
7 67
21 53
31 47
38 79
23 12
66 19
47 23
1 32
0 67
48 44
68 70
55 9
25 63
69 33
55 19
49 42
60 19
64 33
64 76
31 62
44 36
71 11
50 41
21 33
35 33
18 30
27 32
64 8
68 9
40 32
44 37
24 19
25 54
63 50
7 54
59 49
22 32
20 19
71 12
6 62
48 65
48 74
60 11
44 52
54 42
39 52
64 56
48 70
25 57
44 67
48 41
70 57
29 45
40 41
64 11
35 9
59 19
27 63
6 75
59 34
31 17
24 38
78 67
47 57
24 57
70 62
1 71
22 67
27 38
4 72
4 52
48 64
25 6
40 56
26 66
43 37
38 16
3 55
38 8
36 12
3 9
64 16
31 6
70 54
20 26
47 75
70 43
76 42
15 44
48 42
35 34
76 77
7 45
58 55
44 72
3 49
3 45
0 19
46 17
3 65
7 55
66 30
22 41
59 32
49 61
4 70
27 79
75 34
54 57
7 36
68 10
39 47
1 9
31 43
75 77
28 19
63 40
31 7
38 5
0 43
14 62
53 67
2 76
39 8
10 71
13 52
40 79
1 54
10 61
59 67
28 74
31 45
60 77
4 78
65 12
74 67
60 9
0 8
74 11
3 8
28 14
70 65
28 52
64 9
65 57
58 69
2 56
27 67
22 71
59 55
63 12
3 63
20 69
17 73
68 18
46 42
36 34
1 30
76 30
64 42
65 16
25 40
1 10
24 12
18 40
15 66
6 40
20 29
39 53
68 69
38 51
6 65
18 72
27 75
14 72
68 38
24 51
25 37
24 70
38 36
43 33
36 41
49 56
3 18
27 9
20 35
27 18
76 57
76 11
4 12
44 73
28 37
25 46
68 64
0 57
6 54
13 79
65 37
31 67
20 51
2 36
38 37
36 77
7 41
2 52
50 11
58 67
40 73
38 12
31 13
22 36
25 41
18 79
17 77
69 34
14 41
18 41
71 62
44 53
22 65
28 78
53 42
25 26
39 30
18 36
1 35
52 34
60 71
4 5
52 77
38 17
29 62
25 50
29 61
43 32
78 41
51 12
64 71
70 69
39 51
44 42
28 65
71 5
44 51
3 11
1 33
68 51
1 41
2 11
52 9
6 66
29 37
50 5
10 72
21 9
46 71
2 66
3 40
4 58
15 38
4 11
20 56
35 41
25 35
14 51
2 54
2 53
3 46
40 77
44 62
49 8
14 17
54 77
27 17
21 73
3 34
61 79
14 77
13 50
46 73
46 54
26 40
38 69
27 23
48 13
15 73
59 66
46 62
26 43
20 49
60 45
60 42
8 34
58 32
72 12
26 5
2 40
18 66
58 51
78 73
35 45
14 11
24 56
24 44
64 57
28 42
68 58
20 5
55 32
27 7
58 57
46 33
2 8
2 5
3 26
29 50
24 77
18 42
27 58
68 78
39 16
50 56
29 17
22 78
27 5
21 34
47 72
44 66
28 29
6 41
40 57
39 2
61 11
25 45
59 23
14 65
1 65
20 45
53 9
24 17
60 34
76 56
38 23
0 75
70 30
68 55
25 64
21 79
31 10
48 45
60 52
39 61
26 65
74 62
20 8
28 61
0 46
0 56
20 16
48 38
27 52
3 52
44 71
43 79
31 34
4 57
70 78
22 72
75 9
3 62
6 12
52 11
15 5
2 43
29 66
48 73
54 37
29 72
44 56
6 5
31 79
31 14
24 63
60 58
15 57
72 79
39 34
58 12
71 37
13 19
49 12
31 36
70 50
71 56
59 62
22 33
31 30
29 51
59 6
1 50
18 52
2 50
68 12
24 62
69 79
31 37
44 74
50 62
49 16
51 32
20 65
44 8
1 61
35 72
70 33
13 45
39 6
48 51
15 54
46 19
47 65
66 77
72 37
46 34
7 51
35 19
3 78
68 26
48 76
1 66
47 45
21 69
60 13
60 54
70 41
31 73
4 63
59 16
24 67
78 62
72 56
21 14
68 37
13 53
8 30
61 33
65 9
75 56
22 8
31 38
35 57
68 14
69 37
22 16
60 55
15 50
22 61
64 32
39 76
26 16
0 18
22 6
15 33
49 79
63 71
26 19
49 43
0 53
4 7
63 55
21 8
21 61
48 9
59 12
65 67
35 79
21 30
21 45
48 43
47 9
50 67
59 56
31 77
24 66
59 5
26 53
15 70
25 30
20 11
0 70
35 77
0 73
24 46
72 16
7 62
55 11
27 77
8 12
39 67
48 67
7 40
10 19
29 54
15 26
60 46
13 11
0 63
40 34
53 34
48 10
26 36
44 43
6 53
59 26
72 67
15 67
31 19
13 33
76 37
68 30
45 77
51 77
15 19
54 16
1 19
61 19
70 77
17 37
54 33
0 13
38 78
75 12
1 36
53 41
49 55
2 42
7 5
0 30
44 65
21 41
28 45
68 63
28 44
71 77
24 45
25 55
15 63
68 29
18 74
23 32
51 33
71 67
52 12
2 41
38 71
43 12
60 61
39 70
14 45
13 75
54 73
39 77
72 62
70 72
26 37
6 71
51 5
38 76
40 42
4 18
10 73
21 36
25 51
55 57
40 30
45 42
7 9
13 34
0 12
4 51
49 41
63 74
54 34
21 76
36 32
72 34
29 53
53 79
29 42
6 67
55 37
25 34
64 51
7 37
47 19
2 19
28 33
63 65
55 67
13 16
8 41
68 40
48 34
51 62
46 66
28 69
25 53
25 78
36 33
59 18
17 79
3 43
8 57
64 45
48 2
21 18
28 47
22 50
18 57
24 65
31 50
70 12
64 79
31 46
6 50
60 50
58 75
69 56
31 12
75 30
58 53
68 45
20 37
76 32
48 46
60 62
58 79
55 77
39 79
25 7
47 78
64 62
46 53
43 73
63 34
68 2
27 2
13 62
29 69
76 34
21 49
1 40
14 23
15 45
15 72
59 70
64 54
22 75
66 33
38 40
1 34
4 47
54 79
61 62
0 34
22 2
22 40
64 17
71 79
54 32
63 61
69 12
29 5
14 36
72 42
68 23
17 12
22 55
8 5
7 66
6 72
60 69
7 71
3 35
31 66
48 77
20 77
18 50
74 33
55 16
51 9
29 8
60 49
3 73
59 40
44 19
3 29
28 2
40 67
3 42
44 12
24 79
26 62
26 9
3 37
50 73
18 8
22 10
21 50
47 32
61 30
45 19
48 14
22 79
38 54
20 53
27 57
47 76
22 64
50 30
14 74
15 79
38 62
15 77
20 17
59 47
14 37
14 67
20 36
47 30
38 50
43 62
69 62
44 11
17 33
20 71
60 5
48 72
35 12
10 56
22 13
10 30
39 65
48 49
43 16
27 55
15 17
35 16
51 19
60 70
25 19
43 67
22 57
3 7
20 9
17 30
25 32
60 67
58 71
18 9
14 79
7 43
25 16
64 5
15 69
58 30
45 62
52 30
24 71
76 67
27 76
44 23
49 74
17 42
71 30
59 75
22 7
63 16
13 76
61 12
61 67
24 55
35 5
21 38
21 26
24 18
31 65
50 33
13 51
29 41
1 26
10 33
70 45
4 37
39 42
35 75
1 38
48 8
75 33
7 74
27 64
64 36
53 73
55 5
70 71
39 7
21 5
69 67
58 36
13 5
46 56
18 45
18 71
70 5
47 69
55 42
26 54
38 11
76 5
59 44
29 40
18 65
25 77
39 50
21 17
31 11
3 67
28 53
14 61
53 5
25 17
68 42
53 37
35 61
58 73
21 64
76 62
48 19
24 43
70 61
55 41
48 7
58 65
27 11
39 9
63 42
18 19
65 5
66 41
58 37
39 32
70 8
1 16
48 62
7 79
3 38
21 52
60 26
8 56
24 14
63 51
59 76
35 71
58 43
66 37
46 76
21 32
10 67
39 63
59 11
55 56
27 10
45 9
3 69
75 41
14 50
7 50
28 26
10 74
35 69
14 53
24 64
44 17
39 35
10 76
2 69
0 71
18 61
58 41
23 73
27 53
39 73
49 65
1 29
1 53
27 26
45 33
63 69
1 56
44 41
1 69
78 11
1 76
15 42
60 8
10 17
75 37
22 44
21 74
60 78
7 30
13 57
21 35
22 52
3 16
64 40
28 58
59 37
49 45
18 34
58 9
4 10
70 73
21 67
66 56
59 57
60 16
60 43
27 46
1 14
65 56
58 11
46 55
48 36
76 73
47 11
70 76
48 56
21 56
25 36
7 76
25 43
47 16
39 26
58 42
68 43
49 71
22 58
28 36
25 38
14 12
25 74
29 11
60 47
31 57
51 42
78 79
21 71
23 42
71 42
0 16
38 73
18 23
46 74
36 16
59 74
47 67
3 76
0 38
2 73
15 35
69 19
59 45
49 34
27 35
78 16
78 9
40 19
18 33
43 42
52 41
24 47
63 19
26 74
4 13
1 37
22 35
14 30
27 37
23 9
10 16
29 36
59 13
38 56
60 65
15 13
27 71
15 58
72 41
64 19
35 51
26 73
74 57
68 71
78 32
64 73
55 34
13 56
60 10
0 47
64 12
10 55
20 2
1 75
24 75
74 30
0 23
39 45
58 52
26 77
14 55
45 32
2 33
43 56
40 37
49 69
13 77
2 71
58 76
1 73
6 9
0 78
38 30
25 49
6 69
59 33
6 34
39 18
72 33
71 41
20 67
70 17
71 16
49 51
20 32
60 17
68 41
47 56
15 23
15 34
27 66