50 625 4
1 19
30 25
38 35
9 46
37 8
31 14
36 22
36 16
22 47
38 6
30 37
23 19
40 48
37 47
20 19
38 48
40 20
49 26
12 16
40 5
32 35
31 25
36 39
34 28
36 44
22 48
1 33
18 24
43 18
40 27
18 47
17 25
21 10
30 23
41 22
9 47
43 26
14 25
12 26
31 37
38 46
42 24
15 41
32 5
43 25
15 0
15 47
9 26
11 6
2 14
1 14
37 5
38 33
40 34
7 27
49 33
7 29
15 18
7 22
10 19
42 48
4 28
23 24
8 25
15 23
38 0
38 5
14 29
2 48
42 29
31 26
14 6
31 33
18 28
15 46
10 28
3 48
3 19
0 19
15 35
16 35
16 25
40 25
30 44
38 10
15 24
29 25
34 48
20 5
3 47
1 3
9 39
44 27
44 28
32 6
49 8
12 27
21 39
8 24
23 26
30 5
31 24
9 14
17 13
12 23
2 7
2 18
37 22
26 6
2 46
41 18
23 27
43 5
38 14
31 23
7 19
31 20
21 35
43 19
44 22
41 35
37 18
40 3
43 29
17 4
49 13
12 4
36 29
1 17
14 26
40 18
12 13
46 47
15 26
4 47
9 6
14 35
44 13
4 19
30 4
42 18
3 45
11 45
38 11
8 27
1 42
31 18
12 25
31 44
20 29
7 10
30 19
0 25
40 49
2 42
38 39
31 16
37 26
15 6
16 45
39 47
41 33
2 45
42 39
40 39
18 48
49 11
31 22
31 10
46 48
9 20
1 43
31 49
41 45
15 21
32 13
8 48
41 28
46 18
40 43
20 10
43 11
31 28
2 43
5 48
37 25
37 10
2 17
17 8
1 35
17 18
18 27
12 33
43 34
36 47
32 0
1 27
23 8
4 35
32 48
44 5
18 35
3 6
1 25
23 48
36 3
32 45
7 18
42 16
34 25
7 28
12 42
38 17
1 7
9 49
41 4
16 27
46 24
22 25
21 13
15 49
12 6
41 10
1 5
30 11
2 0
15 11
0 35
33 27
44 4
36 45
15 8
33 13
46 10
1 6
43 35
12 0
7 33
22 28
23 6
36 43
49 48
49 18
40 23
43 6
46 22
14 22
30 41
4 48
49 5
42 5
36 33
1 23
36 6
30 8
46 6
37 0
11 19
17 45
36 24
11 27
40 33
8 19
41 3
44 19
20 25
20 22
49 24
23 34
31 21
7 47
40 0
37 27
38 25
32 3
14 45
32 16
30 13
30 17
14 28
31 32
14 18
12 18
21 48
40 32
31 35
41 34
15 13
15 7
1 37
12 20
23 47
32 39
40 4
10 27
17 34
15 28
17 10
36 7
44 6
8 28
41 5
36 14
0 48
31 46
44 47
2 20
29 35
15 33
43 27
36 8
39 45
12 47
49 34
7 25
7 4
30 3
14 27
38 47
31 43
43 22
3 13
46 5
42 3
1 26
44 45
34 24
41 29
32 8
29 19
3 24
39 35
1 39
26 48
16 13
38 42
1 21
40 35
2 47
1 20
37 34
9 18
1 22
38 37
32 26
38 4
33 35
9 43
44 0
3 28
22 24
18 45
7 39
17 48
9 48
17 35
44 24
5 45
20 34
10 47
15 37
23 10
49 28
9 8
23 35
9 21
30 18
14 3
37 16
46 0
1 13
38 49
7 8
9 13
23 33
4 45
5 47
30 20
40 22
12 7
39 28
2 11
31 11
2 32
9 34
30 21
26 45
33 48
23 28
23 4
30 6
15 45
26 27
14 13
31 45
9 3
40 28
2 23
26 47
15 4
16 6
15 42
12 19
32 22
41 47
12 37
2 29
31 39
1 47
21 19
10 45
38 13
11 13
33 28
2 49
44 29
23 13
1 28
14 16
15 16
9 35
20 16
7 26
36 18
42 13
12 5
40 45
49 25
2 27
30 26
1 24
12 46
17 33
0 6
30 16
31 13
40 8
15 32
34 45
16 28
43 13
30 24
1 4
38 27
9 32
40 21
39 27
31 7
36 5
18 19
12 3
15 3
36 13
2 28
14 19
20 45
2 34
23 45
1 10
37 29
32 28
42 34
10 24
4 25
26 13
20 47
42 8
12 32
9 25
37 3
37 19
46 4
44 10
44 25
1 41
30 47
8 47
9 37
30 39
5 6
46 27
42 28
2 21
31 0
1 34
4 27
40 6
42 22
4 24
9 17
2 44
43 16
2 4
9 41
33 24
30 33
17 5
32 27
26 35
10 35
12 44
2 25
12 41
15 34
44 18
31 5
7 6
42 4
38 18
41 8
2 19
21 47
40 10
40 11
12 48
11 25
20 26
29 27
37 45
14 33
2 8
1 29
30 14
41 27
49 35
42 11
16 48
23 25
8 6
7 16
41 24
46 8
42 26
41 13
42 6
1 46
15 27
29 48
36 19
46 11
21 16
49 6
44 26
10 13
9 22
32 33
10 25
23 22
36 0
30 46
44 8
2 39
20 48
38 24
36 37
31 4
33 47
8 45
2 3
23 29
0 45
40 13
40 16
30 35
38 26
42 33
14 4
30 42
44 3
5 19
32 24
20 11
29 6
44 39
22 35
22 45
14 8
43 28
30 28
46 16
5 28
29 24
49 3
43 3
20 0
2 22
9 4
41 26
2 6
20 6
36 46
33 45
21 18
49 0
12 49
17 3
7 11
44 34
2 13
49 45
41 48
14 24
38 20
20 35
15 10
30 27
33 25
42 47
30 10
30 0
18 13
33 6
15 5
46 26
40 44
0 13
43 47
15 22
5 25
29 13
9 11
26 28
49 29
17 6
31 3