30 225 4
13 16
13 12
8 14
0 15
26 24
18 12
3 19
23 27
26 2
26 28
19 22
13 22
8 24
5 21
14 28
5 24
3 14
20 15
7 22
25 28
17 9
16 15
8 15
26 21
26 1
19 12
4 1
17 25
8 1
8 28
6 2
18 10
19 16
23 10
14 12
0 14
18 27
21 15
5 19
25 9
29 2
13 28
13 4
7 9
6 19
3 15
14 15
5 9
11 22
0 19
13 19
18 24
3 9
16 27
20 2
14 2
8 11
18 2
7 27
26 25
6 12
17 4
23 2
13 23
17 21
19 10
25 21
0 28
3 2
14 22
11 24
5 10
7 28
4 15
29 16
13 14
23 24
6 16
29 24
23 15
28 2
8 23
20 28
0 23
7 24
3 28
0 27
12 24
26 14
18 22
5 12
4 24
17 12
13 24
21 27
20 22
5 14
6 22
1 15
26 19
29 22
0 11
13 15
17 14
20 10
13 21
3 23
29 11
9 15
11 15
17 16
20 23
17 15
10 2
0 10
4 21
8 2
6 14
5 22
18 23
17 1
8 10
14 16
25 1
5 2
5 28
0 1
18 15
3 12
23 16
25 12
11 27
26 23
8 25
17 2
29 7
17 22
22 2
8 19
7 1
9 2
28 27
5 16
20 25
18 1
20 12
12 2
0 9
5 11
8 12
29 28
25 16
3 16
26 10
17 24
18 28
4 28
6 28
18 4
3 21
18 16
26 9
20 21
10 24
3 7
20 4
6 21
0 16
29 10
5 23
6 4
13 11
13 1
4 22
7 15
28 15
20 7
23 21
7 12
22 24
26 16
8 16
8 7
23 1
26 7
6 15
9 27
23 28
3 1
6 25
19 27
11 10
29 19
7 10
4 10
8 27
26 22
14 21
1 27
18 9
13 25
19 15
3 10
29 12
4 9
13 9
22 15
6 10
3 11
20 16
4 27
0 22
3 22
29 27
5 15
9 24
18 25
4 12
20 24
20 9
6 11
3 24
10 15
7 2
6 23