40 400 4
37 6
37 9
6 28
0 36
31 2
37 28
0 9
4 17
19 22
18 26
27 35
29 20
6 36
26 20
3 32
23 35
26 7
5 30
18 25
3 16
18 35
1 26
24 33
38 16
25 34
1 0
26 8
0 38
29 4
5 4
4 39
38 36
3 15
6 39
3 19
5 19
4 38
10 26
26 16
13 9
10 14
13 12
33 8
3 22
38 2
25 2
3 28
29 38
21 36
4 36
23 32
33 38
10 20
3 4
13 39
33 9
37 22
10 21
0 16
5 39
1 35
10 31
4 31
3 17
37 21
23 2
19 13
3 34
24 31
31 11
29 22
33 7
30 15
24 15
10 16
38 28
3 23
14 34
4 7
31 12
10 37
5 36
29 6
6 17
1 14
10 4
25 16
37 32
4 34
27 23
6 8
25 36
37 11
0 26
5 18
30 7
29 8
5 16
19 7
21 11
19 25
26 22
19 32
27 9
27 39
31 9
18 15
33 26
14 23
24 25
5 6
31 15
10 32
27 19
19 15
18 39
5 15
33 17
25 35
18 32
33 36
1 9
33 22
6 12
26 2
18 13
10 38
24 12
33 6
14 8
14 20
4 20
27 7
13 7
37 26
14 36
27 38
38 11
29 33
33 15
19 36
4 35
0 12
3 36
25 11
4 21
1 12
18 23
3 31
4 2
18 28
5 13
4 9
27 2
38 7
33 30
3 30
1 17
21 39
10 11
21 28
14 7
30 16
18 16
38 32
0 8
23 7
19 26
6 34
30 20
13 8
18 31
24 11
18 9
29 15
37 13
1 32
38 34
27 17
31 34
24 16
18 12
21 9
23 16
14 30
25 17
29 14
0 32
0 21
37 34
6 20
27 8
3 37
37 15
24 0
3 6
27 11
19 17
29 31
24 2
14 21
5 9
1 33
19 35
26 32
23 39
5 31
6 15
1 20
19 11
13 34
14 6
33 35
27 37
1 22
37 16
4 12
14 25
19 38
29 32
5 17
1 7
19 30
37 30
25 22
18 38
5 28
25 32
13 22
6 2
5 21
29 9
1 38
29 35
33 39
29 13
37 20
33 31
14 35
26 28
21 12
24 35
33 25
29 30
19 31
18 11
18 20
38 15
19 16
25 7
3 18
33 11
19 9
10 18
1 8
27 31
3 12
1 16
30 28
29 36
18 17
4 8
0 7
14 9
21 2
37 17
23 20
0 30
31 20
13 35
10 36
1 18
10 39
21 22
23 15
13 20
27 15
33 16
13 17
14 32
26 35
24 6
33 13
19 23
0 39
19 6
13 2
6 22
10 7
27 26
30 34
31 17
3 26
19 21
24 37
29 39
10 17
19 39
3 11
29 19
5 11
1 2
3 39
1 36
6 16
13 32
3 21
38 35
10 19
0 2
5 8
1 30
27 36
24 8
29 0
33 34
31 7
37 7
29 34
18 30
19 28
10 28
24 4
18 8
5 12
30 12
25 28
10 34
29 28
21 8
21 16
10 6
4 13
5 2
30 32
4 15
1 28
31 35
27 32
23 34
5 34
24 34
3 0
14 28
29 17
38 17
14 39
24 39
18 6
1 31
3 20
37 12
23 28
31 28
1 15
24 13
5 7
21 34
14 17
25 9
24 36
29 16
23 11
14 16
37 2
25 20
38 22
27 6
27 25
3 35
14 22
4 30
10 13
0 22
38 8
24 19
1 23
4 26
0 23
14 26
1 37
30 39
5 33
38 12
27 4
30 36
5 20
21 15
33 23
27 20
13 36
24 20
1 13
21 17
33 12
21 32
24 21
10 15
21 20
1 25